58.5700 8.7600 70.4900 17.5180 2.6896 0.1000
44.7900 5.0600 50.7780 6.7800 1.9971 0.1000
32.6900 2.6800 37.4060 3.5600 1.6066 0.1000
27.8400 1.8400 30.0820 2.2680 1.3667 0.0999
25.9900 1.4000 23.8000 1.4860 1.1613 0.0999
18.3600 0.9200 19.9220 1.0540 1.0152 0.0998
18.2700 1.0200 17.2580 0.8380 0.9071 0.0998
16.7000 0.6600 15.8120 0.6560 0.8267 0.0997
14.6100 0.5700 14.1180 0.6260 0.7548 0.0996
13.3100 0.4800 12.9160 0.5120 0.6929 0.0995
13.6000 0.4700 12.0560 0.4180 0.6409 0.0994
12.6600 0.4100 11.1960 0.3540 0.5971 0.0993
11.6000 0.3900 10.5960 0.2840 0.5580 0.0991
12.2500 0.3600 9.7860 0.2800 0.5193 0.0990
11.3800 0.4100 9.3420 0.2500 0.4907 0.0988
10.1600 0.3400 9.0300 0.2400 0.4649 0.0986
9.8900 0.2100 8.4360 0.2020 0.4415 0.0984
10.3000 0.3300 8.0540 0.1840 0.4211 0.0982
12.2500 0.2600 7.8660 0.1640 0.4033 0.0980
9.8600 0.2700 7.3180 0.1560 0.3854 0.0978
9.5200 0.1600 7.1520 0.1540 0.3737 0.0976
8.9400 0.2400 7.1020 0.1120 0.3653 0.0973
8.3800 0.1800 6.7640 0.1500 0.3544 0.0970
9.1100 0.1400 6.5160 0.1220 0.3428 0.0968
9.3200 0.2900 6.3140 0.1180 0.3357 0.0965
9.2000 0.2800 6.2160 0.1140 0.3307 0.0962
8.5900 0.1800 5.8520 0.0960 0.3181 0.0959
9.1600 0.2300 5.8680 0.0960 0.3171 0.0956
8.4300 0.1900 5.7660 0.0900 0.3131 0.0952
8.5700 0.1600 5.5900 0.1040 0.3066 0.0949
7.8000 0.2000 5.4600 0.0760 0.3020 0.0946
8.3500 0.1300 5.3380 0.0780 0.2978 0.0942
8.6300 0.2300 5.1800 0.1100 0.2927 0.0938
9.0000 0.2700 5.1980 0.0840 0.2867 0.0934
8.1800 0.1600 5.1100 0.0840 0.2809 0.0930
7.6200 0.1400 5.0080 0.0700 0.2778 0.0926
7.8500 0.1600 4.7320 0.0760 0.2700 0.0922
8.1400 0.1900 4.6560 0.0600 0.2687 0.0918
8.1500 0.2100 4.6940 0.0720 0.2706 0.0914
8.1600 0.1800 4.4320 0.0460 0.2603 0.0909
7.7200 0.1400 4.4300 0.0380 0.2599 0.0905
8.2100 0.2100 4.5020 0.0480 0.2600 0.0900
8.8200 0.2100 4.1560 0.0480 0.2536 0.0895
8.1100 0.1800 4.1400 0.0600 0.2532 0.0890
6.8500 0.1700 4.0060 0.0560 0.2484 0.0885
7.2300 0.2100 4.0760 0.0420 0.2477 0.0880
7.0500 0.1500 3.8840 0.0280 0.2433 0.0875
7.5400 0.1500 3.9260 0.0480 0.2442 0.0870
7.5700 0.1500 3.6980 0.0480 0.2383 0.0864
7.6400 0.1600 3.6900 0.0400 0.2355 0.0859
6.9500 0.1800 3.6560 0.0280 0.2343 0.0854
8.1600 0.2300 3.4520 0.0400 0.2307 0.0848
7.3600 0.2100 3.5380 0.0420 0.2302 0.0842
7.6800 0.1700 3.3980 0.0300 0.2283 0.0837
7.4200 0.1600 3.2460 0.0340 0.2233 0.0831
6.6100 0.1400 3.3160 0.0400 0.2246 0.0825
7.0900 0.1800 3.2380 0.0180 0.2195 0.0819
6.5300 0.1300 3.1800 0.0360 0.2190 0.0813
7.0700 0.1200 3.0500 0.0160 0.2156 0.0806
8.1900 0.1300 3.0320 0.0200 0.2161 0.0800
6.5100 0.1100 3.0440 0.0300 0.2139 0.0794
7.1400 0.2100 2.9140 0.0100 0.2094 0.0788
6.4100 0.0800 2.7880 0.0240 0.2068 0.0781
6.3600 0.1300 2.8200 0.0220 0.2072 0.0775
6.8900 0.1700 2.7580 0.0080 0.2048 0.0768
6.4600 0.2400 2.5680 0.0220 0.2021 0.0761
6.3400 0.1100 2.6380 0.0200 0.1978 0.0755
6.2900 0.1600 2.7420 0.0180 0.1930 0.0748
6.8500 0.2000 2.5520 0.0220 0.1899 0.0741
6.1700 0.1400 2.6840 0.0200 0.1902 0.0734
6.4000 0.1100 2.5740 0.0160 0.1873 0.0727
6.2600 0.1100 2.3120 0.0200 0.1822 0.0720
6.9600 0.1300 2.4820 0.0220 0.1848 0.0713
6.2700 0.1600 2.3060 0.0120 0.1807 0.0706
5.6800 0.1100 2.2860 0.0100 0.1786 0.0699
6.0700 0.1600 2.1180 0.0040 0.1769 0.0691
6.0000 0.1300 2.0880 0.0180 0.1743 0.0684
6.1200 0.1200 2.1460 0.0120 0.1732 0.0677
5.7600 0.1400 1.9560 0.0060 0.1704 0.0669
6.1600 0.1700 1.9600 0.0020 0.1698 0.0662
5.9400 0.1300 1.8760 0.0140 0.1676 0.0655
6.1400 0.1300 1.8720 0.0080 0.1650 0.0647
6.3600 0.1800 1.8660 0.0060 0.1653 0.0639
6.0900 0.1000 1.7960 0.0060 0.1651 0.0632
6.0800 0.0700 1.6740 0.0020 0.1609 0.0624
6.1900 0.1000 1.6000 0.0020 0.1581 0.0617
5.6400 0.1300 1.6400 0.0040 0.1580 0.0609
6.4700 0.1300 1.6100 0.0060 0.1571 0.0601
6.0600 0.1300 1.5540 0.0080 0.1559 0.0594
6.0700 0.0800 1.4180 0.0020 0.1498 0.0586
5.3000 0.0800 1.4260 0.0080 0.1503 0.0578
6.4600 0.1300 1.3520 0.0040 0.1481 0.0570
5.5100 0.0600 1.3260 0.0100 0.1472 0.0563
5.8100 0.1500 1.3180 0.0060 0.1456 0.0555
5.5000 0.1500 1.2400 0.0000 0.1456 0.0547
5.2000 0.0800 1.1180 0.0000 0.1420 0.0539
5.4900 0.1200 1.1520 0.0000 0.1411 0.0531
5.8800 0.1500 1.1860 0.0000 0.1403 0.0524
5.4000 0.1200 1.1020 0.0020 0.1384 0.0516
5.2500 0.1200 1.0080 0.0020 0.1361 0.0508
7.0500 0.1600 2.3760 0.0120 0.1065 0.0500
6.1700 0.0900 1.9380 0.0100 0.0916 0.0492
5.7300 0.1300 1.5900 0.0060 0.0792 0.0484
5.4500 0.0900 1.4660 0.0080 0.0746 0.0476
5.4400 0.1400 1.2880 0.0000 0.0692 0.0469
5.2700 0.1100 1.1680 0.0020 0.0653 0.0461
5.2600 0.0700 1.0540 0.0040 0.0617 0.0453
5.4300 0.1200 1.0240 0.0020 0.0587 0.0445
5.0300 0.0800 0.9160 0.0000 0.0562 0.0437
5.3700 0.0800 0.8800 0.0000 0.0539 0.0430
5.5200 0.0700 0.8200 0.0020 0.0529 0.0422
4.9900 0.1200 0.7740 0.0000 0.0504 0.0414
5.7500 0.1100 0.6540 0.0000 0.0474 0.0406
5.0400 0.0600 0.6200 0.0000 0.0456 0.0399
5.5800 0.1100 0.5700 0.0000 0.0434 0.0391
5.0800 0.0900 0.5400 0.0000 0.0419 0.0383
4.7800 0.0500 0.5180 0.0000 0.0416 0.0376
4.8200 0.0700 0.5000 0.0000 0.0396 0.0368
5.0600 0.0800 0.4680 0.0000 0.0386 0.0361
5.0900 0.0700 0.4000 0.0000 0.0366 0.0353
4.5900 0.0900 0.3880 0.0000 0.0363 0.0345
4.8800 0.0800 0.3760 0.0000 0.0344 0.0338
5.2500 0.1000 0.3480 0.0000 0.0338 0.0331
5.0600 0.0800 0.3080 0.0000 0.0322 0.0323
4.9500 0.0400 0.3120 0.0000 0.0309 0.0316
4.7700 0.0500 0.2820 0.0000 0.0299 0.0309
4.5400 0.0800 0.2920 0.0000 0.0289 0.0301
4.6200 0.0900 0.2440 0.0000 0.0271 0.0294
4.7600 0.0900 0.2180 0.0000 0.0262 0.0287
4.5800 0.1000 0.1720 0.0000 0.0252 0.0280
4.6200 0.1200 0.1680 0.0000 0.0243 0.0273
4.5200 0.0700 0.1540 0.0000 0.0237 0.0266
4.7600 0.0900 0.1520 0.0000 0.0224 0.0259
4.5300 0.1100 0.1500 0.0000 0.0221 0.0252
4.5400 0.1100 0.1420 0.0000 0.0205 0.0245
4.5700 0.1000 0.1140 0.0000 0.0207 0.0239
4.3900 0.0600 0.1020 0.0000 0.0189 0.0232
4.4900 0.0900 0.1000 0.0000 0.0180 0.0225
4.1800 0.0900 0.0800 0.0000 0.0179 0.0219
4.5400 0.1000 0.0760 0.0000 0.0172 0.0212
4.5900 0.1000 0.0620 0.0000 0.0156 0.0206
4.1200 0.0600 0.0500 0.0000 0.0148 0.0200
4.3700 0.1000 0.0580 0.0000 0.0145 0.0194
4.3000 0.1100 0.0440 0.0000 0.0143 0.0187
4.1300 0.1300 0.0560 0.0000 0.0138 0.0181
4.3500 0.0800 0.0320 0.0000 0.0127 0.0175
4.6100 0.0700 0.0460 0.0000 0.0120 0.0169
3.9700 0.0700 0.0420 0.0000 0.0117 0.0163
4.1400 0.0800 0.0220 0.0000 0.0114 0.0158
4.3300 0.1000 0.0260 0.0000 0.0107 0.0152
3.9500 0.0800 0.0240 0.0000 0.0101 0.0146
4.0500 0.0700 0.0140 0.0000 0.0097 0.0141
4.0000 0.0700 0.0160 0.0000 0.0090 0.0136
4.2700 0.1000 0.0160 0.0000 0.0086 0.0130
4.1000 0.1000 0.0080 0.0000 0.0083 0.0125
4.2600 0.1000 0.0120 0.0000 0.0077 0.0120
4.1800 0.1000 0.0080 0.0000 0.0071 0.0115
4.1400 0.0800 0.0120 0.0000 0.0071 0.0110
4.1000 0.0900 0.0020 0.0000 0.0064 0.0105
3.9000 0.0800 0.0120 0.0000 0.0065 0.0100
4.1600 0.1000 0.0120 0.0000 0.0060 0.0095
4.2100 0.1000 0.0060 0.0000 0.0055 0.0091
3.9900 0.0800 0.0040 0.0000 0.0052 0.0086
4.0400 0.0900 0.0020 0.0000 0.0051 0.0082
3.8700 0.0700 0.0040 0.0000 0.0046 0.0078
3.7500 0.0800 0.0060 0.0000 0.0045 0.0074
4.0800 0.0900 0.0060 0.0000 0.0042 0.0070
3.9400 0.1000 0.0020 0.0000 0.0038 0.0066
3.9400 0.1100 0.0020 0.0000 0.0037 0.0062
3.9100 0.1000 0.0040 0.0000 0.0034 0.0058
3.8700 0.0800 0.0060 0.0000 0.0033 0.0054
4.1000 0.1100 0.0020 0.0000 0.0031 0.0051
3.9600 0.0800 0.0020 0.0000 0.0030 0.0048
4.1000 0.1100 0.0020 0.0000 0.0029 0.0044
4.0100 0.0900 0.0000 0.0000 0.0027 0.0041
4.0000 0.0900 0.0020 0.0000 0.0028 0.0038
3.9700 0.1100 0.0000 0.0000 0.0027 0.0035
3.9600 0.1000 0.0000 0.0000 0.0025 0.0032
3.8600 0.1000 0.0020 0.0000 0.0024 0.0030
3.8500 0.0900 0.0020 0.0000 0.0022 0.0027
3.8700 0.0900 0.0000 0.0000 0.0021 0.0024
3.9900 0.0900 0.0020 0.0000 0.0022 0.0022
3.9200 0.1200 0.0000 0.0000 0.0021 0.0020
3.9100 0.0900 0.0000 0.0000 0.0020 0.0018
3.8000 0.0900 0.0000 0.0000 0.0020 0.0016
3.8600 0.1100 0.0000 0.0000 0.0019 0.0014
3.8500 0.1100 0.0020 0.0000 0.0018 0.0012
3.8400 0.1100 0.0000 0.0000 0.0019 0.0010
3.8000 0.0900 0.0000 0.0000 0.0018 0.0009
3.7700 0.1000 0.0000 0.0000 0.0017 0.0007
3.7700 0.0900 0.0000 0.0000 0.0017 0.0006
3.8100 0.0900 0.0000 0.0000 0.0017 0.0005
3.7700 0.1000 0.0000 0.0000 0.0016 0.0004
3.7700 0.1000 0.0000 0.0000 0.0017 0.0003
3.7900 0.1100 0.0000 0.0000 0.0017 0.0002
3.8200 0.0900 0.0020 0.0000 0.0017 0.0002
3.8200 0.1000 0.0000 0.0000 0.0015 0.0001
3.7400 0.1100 0.0000 0.0000 0.0016 0.0001
3.8500 0.1200 0.0000 0.0000 0.0017 0.0000
3.7800 0.1100 0.0020 0.0000 0.0017 0.0000
