50.2200 7.3900 54.7980 9.5040 1.8469 0.1000
37.6900 3.3100 33.1700 2.7700 1.2310 0.1000
24.2700 1.1300 24.6640 1.5260 0.9747 0.0999
26.0900 1.3300 20.6840 1.0600 0.8425 0.0998
19.7700 0.8400 17.8560 0.7860 0.7488 0.0997
17.5200 0.9900 16.1240 0.7060 0.6803 0.0996
18.9800 0.8800 14.8380 0.5820 0.6293 0.0994
15.6000 0.6000 13.8860 0.5060 0.5873 0.0992
14.8100 0.6200 13.0520 0.4340 0.5492 0.0989
17.5500 0.7700 12.4640 0.4160 0.5241 0.0986
17.7600 0.8300 11.9780 0.3560 0.4993 0.0983
15.8600 0.6100 11.4300 0.3320 0.4738 0.0979
14.7600 0.5100 11.0480 0.2680 0.4544 0.0976
13.7700 0.6500 10.7280 0.2920 0.4376 0.0971
12.5300 0.4100 10.2460 0.2540 0.4205 0.0967
14.2700 0.6500 10.1640 0.2100 0.4127 0.0962
13.9900 0.4100 10.1620 0.2280 0.4025 0.0957
13.8600 0.4500 9.4480 0.2560 0.3904 0.0951
12.6600 0.3400 9.6000 0.2300 0.3850 0.0946
14.3700 0.4600 9.3560 0.2220 0.3770 0.0939
16.2500 0.7100 9.4380 0.1720 0.3627 0.0933
13.8500 0.5200 9.3700 0.1980 0.3545 0.0926
12.3300 0.4400 8.9680 0.1820 0.3490 0.0919
12.0800 0.3700 8.9200 0.2260 0.3446 0.0912
11.0700 0.2900 8.5600 0.1740 0.3371 0.0905
11.7200 0.4300 8.5300 0.1640 0.3312 0.0897
14.0200 0.4800 8.1520 0.1640 0.3213 0.0889
11.2600 0.2700 8.2400 0.1200 0.3200 0.0880
12.4400 0.4000 8.1300 0.1280 0.3173 0.0872
11.0400 0.2600 7.9000 0.1600 0.3116 0.0863
12.9100 0.4500 7.7260 0.1180 0.3039 0.0854
10.3300 0.4600 7.5080 0.1300 0.3003 0.0844
11.2700 0.3700 7.6480 0.1280 0.3041 0.0835
13.6200 0.4900 7.5640 0.1020 0.2989 0.0825
12.4100 0.4800 7.4120 0.1220 0.2924 0.0815
10.6900 0.4300 7.1660 0.0940 0.2878 0.0804
12.7700 0.5300 7.1780 0.1120 0.2862 0.0794
10.2600 0.4100 6.8120 0.0900 0.2754 0.0783
10.6500 0.3400 6.8140 0.0980 0.2770 0.0772
11.7400 0.3800 6.4900 0.0960 0.2675 0.0761
11.7300 0.3000 7.0180 0.0900 0.2708 0.0750
10.3700 0.3700 6.8320 0.1160 0.2607 0.0739
9.8900 0.2700 6.7440 0.0860 0.2586 0.0727
11.1800 0.2600 6.3800 0.0820 0.2495 0.0715
10.8800 0.2700 6.2400 0.0440 0.2448 0.0703
12.0800 0.3300 6.2520 0.0640 0.2474 0.0691
11.2400 0.2900 6.0700 0.0640 0.2421 0.0679
10.4500 0.2800 5.9640 0.0760 0.2360 0.0667
9.8000 0.2800 5.7520 0.0720 0.2315 0.0655
9.7700 0.2800 5.5220 0.0480 0.2249 0.0642
10.3200 0.3000 5.4460 0.0360 0.2215 0.0629
10.2600 0.2400 5.2040 0.0540 0.2194 0.0617
9.7100 0.2600 5.2040 0.0880 0.2144 0.0604
9.9100 0.3600 5.0940 0.0480 0.2114 0.0591
10.8000 0.3800 4.9760 0.0480 0.2083 0.0578
9.4000 0.2300 4.8860 0.0460 0.2049 0.0565
9.2700 0.3400 4.6820 0.0400 0.1998 0.0552
8.5600 0.2500 4.7100 0.0260 0.1970 0.0539
9.5900 0.2700 4.2940 0.0160 0.1869 0.0526
9.3700 0.2900 4.6080 0.0240 0.1915 0.0513
10.3800 0.2600 7.3560 0.1180 0.2095 0.0500
9.4500 0.3000 6.0300 0.0600 0.1710 0.0487
9.7700 0.2300 5.5420 0.0440 0.1556 0.0474
9.9400 0.3000 5.1380 0.0360 0.1459 0.0461
10.6300 0.2800 4.6820 0.0460 0.1347 0.0448
8.9900 0.2100 4.4000 0.0300 0.1261 0.0435
8.8800 0.2500 4.1040 0.0160 0.1186 0.0422
8.8600 0.2000 3.9400 0.0160 0.1136 0.0409
9.2400 0.3300 3.9240 0.0220 0.1096 0.0396
9.0200 0.2500 3.7540 0.0040 0.1043 0.0383
8.3600 0.3200 3.3400 0.0200 0.0941 0.0371
8.3000 0.2300 3.0540 0.0140 0.0871 0.0358
9.1100 0.3000 3.1020 0.0100 0.0886 0.0345
7.8200 0.2300 2.9500 0.0200 0.0841 0.0333
8.8600 0.2200 2.6560 0.0000 0.0749 0.0321
8.4400 0.2200 2.7220 0.0060 0.0769 0.0309
7.7900 0.1900 2.4180 0.0040 0.0694 0.0297
8.0400 0.2400 2.0960 0.0040 0.0624 0.0285
7.9000 0.2000 1.9320 0.0060 0.0582 0.0273
7.4700 0.2100 1.8700 0.0040 0.0534 0.0261
7.7400 0.2600 1.7400 0.0020 0.0515 0.0250
7.5800 0.1700 1.5140 0.0000 0.0456 0.0239
7.4300 0.2500 1.4840 0.0000 0.0440 0.0228
7.1800 0.1500 1.3160 0.0020 0.0398 0.0217
6.9200 0.3000 1.0760 0.0020 0.0328 0.0206
6.7500 0.2100 0.9960 0.0000 0.0308 0.0196
6.5700 0.2100 0.8600 0.0020 0.0272 0.0185
6.4100 0.2000 0.7640 0.0000 0.0245 0.0175
6.9300 0.1500 0.6240 0.0000 0.0210 0.0165
6.7400 0.2200 0.5240 0.0000 0.0184 0.0156
6.5700 0.2300 0.4760 0.0000 0.0168 0.0146
6.3100 0.1900 0.4440 0.0000 0.0152 0.0137
6.6200 0.2400 0.3280 0.0000 0.0128 0.0128
6.3000 0.1900 0.3000 0.0000 0.0112 0.0120
6.2300 0.1900 0.2240 0.0000 0.0094 0.0111
6.0200 0.1800 0.1140 0.0000 0.0066 0.0103
6.1100 0.1900 0.1560 0.0000 0.0067 0.0095
6.0100 0.1800 0.1220 0.0000 0.0060 0.0088
6.0400 0.1700 0.1140 0.0000 0.0059 0.0081
5.9300 0.2000 0.0720 0.0000 0.0048 0.0074
5.9200 0.2200 0.0880 0.0000 0.0045 0.0067
5.8700 0.1500 0.0620 0.0000 0.0041 0.0061
5.7600 0.1700 0.0600 0.0000 0.0037 0.0054
6.0000 0.2000 0.0420 0.0000 0.0035 0.0049
5.8700 0.1800 0.0460 0.0000 0.0035 0.0043
5.7600 0.2100 0.0320 0.0000 0.0031 0.0038
5.9000 0.1700 0.0520 0.0000 0.0033 0.0033
5.7700 0.2100 0.0320 0.0000 0.0030 0.0029
5.6800 0.1800 0.0340 0.0000 0.0029 0.0024
5.7900 0.2300 0.0360 0.0000 0.0027 0.0021
5.7800 0.2200 0.0260 0.0000 0.0026 0.0017
5.7200 0.2100 0.0320 0.0000 0.0026 0.0014
5.7000 0.1900 0.0280 0.0000 0.0027 0.0011
5.8800 0.1800 0.0260 0.0000 0.0024 0.0008
5.7900 0.2400 0.0220 0.0000 0.0023 0.0006
5.6500 0.2200 0.0200 0.0000 0.0026 0.0004
5.7600 0.2000 0.0280 0.0000 0.0025 0.0003
5.8200 0.2000 0.0320 0.0000 0.0025 0.0002
5.7600 0.1800 0.0240 0.0000 0.0024 0.0001
5.7100 0.2200 0.0200 0.0000 0.0024 0.0000
