44.5500 5.0400 58.7580 11.9760 2.3633 0.1000
32.4100 2.4000 36.5860 3.7080 1.6349 0.1000
23.7900 1.3500 27.7920 2.1160 1.3449 0.1000
22.3100 1.3200 22.9080 1.4400 1.1645 0.0999
26.0900 1.6700 19.8240 1.1280 1.0396 0.0999
16.3800 0.7100 17.7220 0.9080 0.9429 0.0998
17.0300 0.8200 16.3740 0.7380 0.8652 0.0998
15.6000 0.8500 14.9720 0.6620 0.7975 0.0997
16.3100 0.5800 14.1440 0.6740 0.7428 0.0996
13.4000 0.3900 13.2260 0.5580 0.6910 0.0995
13.2200 0.5300 12.5340 0.5180 0.6481 0.0994
15.9400 0.5900 12.0860 0.4020 0.6126 0.0993
13.2600 0.4600 11.8100 0.3960 0.5842 0.0991
12.1800 0.5200 11.1800 0.3540 0.5537 0.0990
14.3700 0.6100 10.8560 0.3340 0.5313 0.0988
11.7900 0.3800 10.8340 0.3220 0.5153 0.0986
11.6800 0.3000 10.4620 0.3260 0.4976 0.0984
13.5300 0.6400 10.2060 0.3080 0.4801 0.0982
11.3200 0.3200 9.9560 0.2740 0.4670 0.0980
11.4100 0.3600 9.9480 0.2880 0.4569 0.0978
13.2900 0.5200 9.5760 0.3120 0.4447 0.0976
10.8700 0.2800 9.5680 0.2740 0.4399 0.0973
10.2400 0.3300 9.5280 0.2800 0.4334 0.0970
11.1200 0.4000 9.3060 0.2520 0.4236 0.0968
12.3500 0.3300 9.1320 0.2580 0.4182 0.0965
10.1700 0.4600 9.1220 0.2420 0.4131 0.0962
11.3900 0.3400 9.2700 0.2440 0.4110 0.0959
12.5300 0.4500 8.9240 0.2400 0.4034 0.0956
11.4900 0.2900 8.8560 0.2560 0.4004 0.0952
11.2000 0.3600 8.7240 0.2660 0.3942 0.0949
10.7500 0.3200 8.4860 0.2180 0.3901 0.0946
10.9700 0.3700 8.5880 0.2660 0.3861 0.0942
11.3800 0.3900 8.4860 0.1960 0.3823 0.0938
11.4700 0.3900 8.3180 0.1860 0.3686 0.0934
10.4200 0.3500 8.4480 0.2060 0.3694 0.0930
12.3300 0.2900 8.3640 0.2140 0.3673 0.0926
10.2200 0.5200 8.0260 0.2160 0.3577 0.0922
10.8900 0.4600 8.0680 0.1840 0.3577 0.0918
10.7500 0.3400 8.1400 0.1840 0.3584 0.0914
10.7500 0.3400 7.7600 0.1500 0.3462 0.0909
10.9700 0.4400 7.6680 0.1600 0.3429 0.0905
10.9900 0.2000 7.8160 0.1620 0.3463 0.0900
11.5000 0.3400 7.4800 0.1600 0.3372 0.0895
10.4700 0.3900 7.6040 0.1400 0.3415 0.0890
10.4500 0.3400 7.3940 0.1600 0.3324 0.0885
10.5600 0.3000 7.5340 0.1520 0.3364 0.0880
11.0700 0.3000 7.4460 0.1600 0.3314 0.0875
9.8700 0.3000 7.4800 0.1760 0.3305 0.0870
9.8200 0.2300 7.2420 0.1560 0.3262 0.0864
11.7300 0.2500 7.0500 0.1160 0.3195 0.0859
9.5800 0.2100 7.2940 0.1400 0.3224 0.0854
9.8800 0.3600 7.0760 0.1400 0.3195 0.0848
11.5500 0.3800 7.0940 0.1320 0.3137 0.0842
9.6500 0.3100 7.1640 0.1360 0.3184 0.0837
9.0600 0.2700 6.6680 0.1160 0.3054 0.0831
9.1300 0.2300 6.8580 0.1200 0.3090 0.0825
9.2300 0.2800 6.7940 0.1380 0.3055 0.0819
9.7900 0.3200 6.7220 0.1120 0.3030 0.0813
10.0200 0.3100 6.5720 0.1260 0.2989 0.0806
10.4900 0.2700 6.4960 0.1120 0.2964 0.0800
9.7100 0.2700 6.4060 0.1040 0.2950 0.0794
9.3900 0.3000 6.2640 0.0980 0.2931 0.0788
8.8500 0.2300 6.3180 0.1000 0.2901 0.0781
9.7200 0.2100 6.3620 0.1040 0.2905 0.0775
9.6000 0.2900 6.1500 0.0880 0.2837 0.0768
9.9700 0.3700 6.2400 0.0760 0.2836 0.0761
9.0900 0.2500 6.1280 0.0980 0.2795 0.0755
10.7500 0.2600 6.1740 0.0960 0.2760 0.0748
8.8700 0.2100 6.2740 0.0820 0.2768 0.0741
8.1300 0.1800 6.0560 0.0980 0.2732 0.0734
9.0600 0.2300 5.9480 0.0920 0.2662 0.0727
9.1100 0.3300 5.8800 0.0760 0.2665 0.0720
9.5400 0.4100 5.8640 0.0800 0.2660 0.0713
9.0000 0.3200 5.7780 0.0860 0.2630 0.0706
9.1800 0.2600 5.7360 0.0740 0.2604 0.0699
9.3500 0.2900 5.5460 0.0600 0.2551 0.0691
9.3900 0.3000 5.7060 0.0720 0.2567 0.0684
8.9100 0.2500 5.6140 0.0760 0.2560 0.0677
8.9500 0.1700 5.6900 0.0620 0.2599 0.0669
10.1000 0.2600 5.2180 0.0560 0.2449 0.0662
8.6900 0.2800 5.3940 0.0720 0.2495 0.0655
9.6000 0.2500 5.1580 0.0720 0.2439 0.0647
9.6400 0.2600 5.1120 0.0640 0.2417 0.0639
8.6200 0.2600 5.1140 0.0500 0.2400 0.0632
8.2400 0.1800 5.0840 0.0640 0.2377 0.0624
7.5000 0.1800 4.8540 0.0540 0.2335 0.0617
7.8300 0.2200 4.8140 0.0420 0.2301 0.0609
8.9900 0.3000 4.7240 0.0500 0.2294 0.0601
9.4200 0.2300 4.7900 0.0740 0.2301 0.0594
8.2400 0.2300 4.6760 0.0440 0.2231 0.0586
8.0300 0.2700 4.8380 0.0440 0.2285 0.0578
9.0100 0.3000 4.4980 0.0460 0.2200 0.0570
8.4300 0.2700 4.5400 0.0620 0.2220 0.0563
8.4600 0.2100 4.3780 0.0440 0.2156 0.0555
8.8300 0.3600 4.4860 0.0480 0.2184 0.0547
7.7200 0.1700 4.3560 0.0500 0.2127 0.0539
7.4300 0.1600 4.2920 0.0320 0.2117 0.0531
8.0700 0.2400 3.9700 0.0320 0.2017 0.0524
8.2300 0.1800 4.3220 0.0600 0.2110 0.0516
7.4000 0.2000 4.1760 0.0340 0.2072 0.0508
8.7700 0.2700 5.5180 0.0680 0.1596 0.0500
8.7400 0.1200 4.7640 0.0520 0.1367 0.0492
8.5400 0.2400 4.4600 0.0560 0.1270 0.0484
8.3400 0.1700 4.0860 0.0380 0.1215 0.0476
8.2500 0.2500 4.0940 0.0320 0.1175 0.0469
7.3100 0.1800 3.7880 0.0260 0.1113 0.0461
8.4600 0.2200 3.8820 0.0260 0.1116 0.0453
8.0700 0.1700 3.4860 0.0280 0.1010 0.0445
7.9900 0.1400 3.7180 0.0300 0.1072 0.0437
7.2600 0.2200 3.3080 0.0360 0.0953 0.0430
8.1700 0.2300 3.3240 0.0140 0.0937 0.0422
6.5600 0.1200 3.0540 0.0160 0.0874 0.0414
8.0700 0.1900 3.2600 0.0220 0.0954 0.0406
7.8800 0.1700 2.9300 0.0140 0.0851 0.0399
7.8500 0.1300 3.0440 0.0180 0.0873 0.0391
7.1300 0.1700 2.9460 0.0200 0.0847 0.0383
6.8100 0.1700 2.8340 0.0140 0.0828 0.0376
7.2200 0.1200 2.6480 0.0160 0.0768 0.0368
7.8900 0.1300 2.5600 0.0180 0.0755 0.0361
7.5400 0.2100 2.7520 0.0080 0.0777 0.0353
6.8700 0.1800 2.3680 0.0120 0.0699 0.0345
7.1800 0.2200 2.4520 0.0140 0.0718 0.0338
6.7000 0.2000 2.3340 0.0040 0.0681 0.0331
7.0200 0.1100 2.0840 0.0060 0.0637 0.0323
7.0500 0.2200 2.1160 0.0080 0.0614 0.0316
7.1400 0.1200 2.0560 0.0020 0.0590 0.0309
6.5500 0.2100 1.8740 0.0040 0.0547 0.0301
6.3900 0.1600 1.7440 0.0020 0.0516 0.0294
6.7500 0.1700 1.8340 0.0020 0.0531 0.0287
6.7600 0.2400 1.9260 0.0060 0.0564 0.0280
6.6100 0.1600 1.7860 0.0000 0.0520 0.0273
6.6800 0.1300 1.7640 0.0060 0.0500 0.0266
6.9300 0.1300 1.5000 0.0020 0.0452 0.0259
6.3000 0.1600 1.4800 0.0020 0.0454 0.0252
6.8100 0.1700 1.2900 0.0040 0.0392 0.0245
6.4300 0.2300 1.3740 0.0060 0.0427 0.0239
6.0100 0.1200 1.4280 0.0020 0.0426 0.0232
6.3600 0.1400 1.1700 0.0040 0.0369 0.0225
6.5100 0.2100 1.0360 0.0060 0.0324 0.0219
6.5000 0.1800 0.9680 0.0020 0.0296 0.0212
6.1800 0.2600 0.9420 0.0000 0.0294 0.0206
6.9500 0.1600 0.9760 0.0020 0.0297 0.0200
6.1200 0.1300 0.9620 0.0020 0.0298 0.0194
6.2900 0.1800 0.8420 0.0000 0.0255 0.0187
6.4600 0.1700 0.7620 0.0040 0.0238 0.0181
5.9800 0.1900 0.7440 0.0000 0.0229 0.0175
5.6500 0.0900 0.6620 0.0020 0.0214 0.0169
5.8900 0.1400 0.5140 0.0000 0.0171 0.0163
5.8200 0.1000 0.4440 0.0000 0.0152 0.0158
5.9700 0.1900 0.5080 0.0000 0.0174 0.0152
6.5300 0.1700 0.5860 0.0020 0.0187 0.0146
5.5000 0.1300 0.4820 0.0020 0.0157 0.0141
5.6400 0.1200 0.3480 0.0000 0.0124 0.0136
5.4000 0.0900 0.3020 0.0000 0.0116 0.0130
5.2800 0.1000 0.2760 0.0000 0.0109 0.0125
5.2500 0.1200 0.1960 0.0000 0.0084 0.0120
5.2600 0.1000 0.1660 0.0000 0.0072 0.0115
4.9700 0.1100 0.2060 0.0000 0.0080 0.0110
5.0000 0.1300 0.1600 0.0000 0.0073 0.0105
5.3300 0.1400 0.2600 0.0000 0.0083 0.0100
5.5300 0.0900 0.1600 0.0000 0.0068 0.0095
5.0800 0.1000 0.1580 0.0000 0.0060 0.0091
5.2600 0.1300 0.1300 0.0000 0.0062 0.0086
5.0400 0.1300 0.1020 0.0020 0.0049 0.0082
5.0800 0.0700 0.1140 0.0000 0.0053 0.0078
4.9300 0.1100 0.0620 0.0000 0.0039 0.0074
4.9600 0.0600 0.0840 0.0000 0.0041 0.0070
5.0400 0.0900 0.0880 0.0000 0.0042 0.0066
5.0800 0.1100 0.0400 0.0000 0.0032 0.0062
4.8300 0.1200 0.0460 0.0000 0.0030 0.0058
4.9300 0.0900 0.0480 0.0000 0.0027 0.0054
4.8400 0.1100 0.0380 0.0000 0.0024 0.0051
4.8200 0.1200 0.0320 0.0000 0.0023 0.0048
4.8300 0.1200 0.0340 0.0000 0.0023 0.0044
4.9300 0.1300 0.0340 0.0000 0.0020 0.0041
4.9500 0.1300 0.0280 0.0000 0.0022 0.0038
5.0500 0.1100 0.0220 0.0000 0.0018 0.0035
4.8800 0.1300 0.0280 0.0000 0.0020 0.0032
4.7800 0.1400 0.0200 0.0000 0.0018 0.0030
4.6900 0.1400 0.0200 0.0000 0.0020 0.0027
4.6300 0.1300 0.0200 0.0000 0.0018 0.0024
4.7100 0.1000 0.0180 0.0000 0.0018 0.0022
4.6500 0.1300 0.0240 0.0000 0.0018 0.0020
4.7800 0.1200 0.0140 0.0000 0.0017 0.0018
4.6700 0.1100 0.0160 0.0000 0.0015 0.0016
4.6400 0.1200 0.0260 0.0000 0.0018 0.0014
4.7000 0.1000 0.0280 0.0000 0.0017 0.0012
4.6700 0.1000 0.0160 0.0000 0.0016 0.0010
4.7200 0.0900 0.0100 0.0000 0.0015 0.0009
4.7500 0.1300 0.0060 0.0000 0.0012 0.0007
4.7600 0.0900 0.0180 0.0000 0.0015 0.0006
4.6800 0.1100 0.0140 0.0000 0.0014 0.0005
4.7500 0.1200 0.0180 0.0000 0.0015 0.0004
4.6500 0.1100 0.0100 0.0000 0.0014 0.0003
4.6100 0.1000 0.0140 0.0000 0.0015 0.0002
4.6600 0.1100 0.0200 0.0000 0.0014 0.0002
4.6900 0.1300 0.0120 0.0000 0.0014 0.0001
4.6300 0.1400 0.0020 0.0000 0.0012 0.0001
4.6200 0.1200 0.0100 0.0000 0.0014 0.0000
4.7300 0.1000 0.0120 0.0000 0.0013 0.0000
