49.3200 7.1100 62.3340 13.7820 3.3507 0.1000
37.4800 2.9000 38.7220 4.0660 2.4248 0.1000
21.7600 1.2000 28.3020 2.1040 2.0309 0.1000
21.8800 0.9900 22.3220 1.4060 1.7658 0.1000
18.5300 0.7600 19.2940 1.0060 1.5784 0.1000
16.7100 0.8900 16.9820 0.8280 1.4294 0.1000
17.2600 0.9100 15.7720 0.6500 1.3037 0.1000
14.5100 0.4600 14.4180 0.6140 1.1933 0.1000
14.7000 0.4600 13.3900 0.5200 1.0993 0.1000
14.3000 0.8000 12.6040 0.4980 1.0138 0.0999
13.5300 0.4600 12.0220 0.4280 0.9373 0.0999
13.0300 0.6400 11.4180 0.3880 0.8697 0.0999
12.5400 0.4800 11.1360 0.3420 0.8132 0.0999
13.9900 0.4800 10.5700 0.3020 0.7586 0.0999
13.6300 0.4800 10.2080 0.3140 0.7089 0.0999
12.5000 0.4600 9.9780 0.3120 0.6709 0.0998
14.2900 0.5800 9.7440 0.2940 0.6342 0.0998
12.0900 0.3600 9.4640 0.2600 0.6042 0.0998
12.8200 0.3400 9.2280 0.2480 0.5732 0.0998
11.8800 0.4300 9.1420 0.2780 0.5543 0.0998
12.6900 0.5900 8.9340 0.2380 0.5339 0.0997
12.4700 0.4100 8.8440 0.2620 0.5179 0.0997
11.5000 0.3500 8.7740 0.2100 0.5063 0.0997
10.7600 0.3600 8.7160 0.1940 0.4919 0.0996
12.7400 0.4100 8.6160 0.2200 0.4795 0.0996
9.8700 0.3500 8.2900 0.1920 0.4687 0.0996
12.4400 0.4100 8.5580 0.2100 0.4663 0.0995
11.7800 0.3200 8.4060 0.2280 0.4607 0.0995
11.9300 0.3700 8.4100 0.1660 0.4532 0.0995
12.1700 0.3000 8.3140 0.2140 0.4453 0.0994
11.1200 0.4900 8.2400 0.1820 0.4385 0.0994
14.4400 0.5100 8.2220 0.1740 0.4339 0.0993
10.2900 0.3300 8.2040 0.1920 0.4281 0.0993
10.5500 0.3200 8.0700 0.1880 0.4231 0.0993
10.2000 0.3600 7.9920 0.1660 0.4164 0.0992
11.1500 0.3800 8.0480 0.1840 0.4126 0.0992
11.2100 0.3500 8.0620 0.1900 0.4107 0.0991
13.0400 0.4200 7.8580 0.1600 0.4037 0.0991
11.3100 0.2900 7.7300 0.1800 0.3985 0.0990
11.9000 0.4100 7.7160 0.1420 0.3930 0.0990
13.5000 0.4200 7.7180 0.1860 0.3908 0.0989
10.2800 0.3100 7.5420 0.1400 0.3840 0.0989
9.8500 0.3500 7.3800 0.1600 0.3784 0.0988
10.4800 0.4300 7.5460 0.1640 0.3774 0.0987
10.8600 0.2800 7.5860 0.1540 0.3742 0.0987
9.9400 0.4300 7.4120 0.1320 0.3691 0.0986
10.4000 0.2800 7.2860 0.1560 0.3624 0.0986
10.3800 0.3100 7.3520 0.1280 0.3638 0.0985
10.9000 0.3600 7.1360 0.1440 0.3574 0.0984
10.6000 0.2900 7.1260 0.1620 0.3535 0.0984
10.3200 0.4200 7.0920 0.1540 0.3501 0.0983
10.5300 0.2800 7.1080 0.1540 0.3494 0.0982
10.2800 0.2300 7.0280 0.1240 0.3477 0.0982
10.7200 0.2000 6.9320 0.1480 0.3431 0.0981
9.5300 0.2300 7.1880 0.1320 0.3462 0.0980
10.1400 0.3500 7.0760 0.1420 0.3408 0.0979
11.1900 0.4400 6.9020 0.1620 0.3361 0.0979
10.3200 0.3500 6.8700 0.1520 0.3377 0.0978
9.6100 0.2500 6.9940 0.1600 0.3389 0.0977
9.3300 0.3400 7.0900 0.1280 0.3393 0.0976
11.1000 0.3500 6.9280 0.1160 0.3314 0.0976
10.3600 0.3400 6.6240 0.1360 0.3248 0.0975
11.2900 0.2700 6.7820 0.1220 0.3251 0.0974
10.5000 0.4200 6.7360 0.1220 0.3252 0.0973
11.3500 0.3700 6.9600 0.1220 0.3299 0.0972
10.2300 0.3200 6.6140 0.1420 0.3227 0.0971
11.3900 0.3200 6.5740 0.1320 0.3181 0.0970
9.8600 0.2800 6.6160 0.0820 0.3182 0.0970
10.3100 0.2100 6.9460 0.1160 0.3230 0.0969
9.1900 0.2500 6.7240 0.0940 0.3193 0.0968
10.1900 0.3200 6.6020 0.1200 0.3147 0.0967
10.3800 0.3700 6.8840 0.1200 0.3181 0.0966
9.8800 0.2200 6.6100 0.1000 0.3093 0.0965
11.0800 0.3500 6.4960 0.0940 0.3067 0.0964
9.7000 0.2700 6.7160 0.1160 0.3147 0.0963
10.4900 0.1800 6.7240 0.1220 0.3106 0.0962
10.6700 0.3100 6.6920 0.1260 0.3111 0.0961
10.6200 0.3200 6.2100 0.0980 0.3013 0.0960
9.5400 0.2500 6.7500 0.1100 0.3102 0.0959
11.4400 0.3600 6.4460 0.0960 0.3027 0.0958
9.9100 0.2900 6.6300 0.1140 0.3059 0.0957
10.4200 0.3400 6.2480 0.1040 0.2983 0.0956
9.0300 0.2500 6.5440 0.0960 0.3031 0.0955
9.4200 0.2400 6.2200 0.1040 0.2981 0.0954
11.9000 0.3700 6.4140 0.0960 0.2973 0.0952
8.7400 0.2600 6.3560 0.1040 0.2972 0.0951
9.3400 0.3500 6.4700 0.0940 0.2953 0.0950
10.0900 0.4100 6.4060 0.0880 0.2939 0.0949
10.3400 0.2700 6.1960 0.1100 0.2933 0.0948
9.5900 0.2900 6.4140 0.0940 0.2951 0.0947
10.2900 0.3700 6.0700 0.0820 0.2868 0.0946
8.9600 0.2700 6.2960 0.1060 0.2926 0.0944
9.5800 0.2800 6.2900 0.1160 0.2913 0.0943
8.9800 0.2500 6.2700 0.1060 0.2893 0.0942
9.0500 0.2900 6.1740 0.0980 0.2850 0.0941
9.2800 0.2500 6.1920 0.0920 0.2868 0.0939
11.5500 0.4400 6.2560 0.0980 0.2898 0.0938
10.7000 0.3200 6.1020 0.0740 0.2853 0.0937
9.0200 0.3200 6.0780 0.0800 0.2835 0.0936
10.2000 0.2900 6.1440 0.0880 0.2853 0.0934
11.4300 0.5500 6.1460 0.1000 0.2842 0.0933
9.3400 0.2400 6.3940 0.1180 0.2908 0.0932
9.9800 0.3000 6.1600 0.0820 0.2812 0.0930
10.3700 0.4200 6.0260 0.0880 0.2808 0.0929
9.5700 0.4000 6.1000 0.0940 0.2795 0.0928
9.6500 0.3100 6.2720 0.0940 0.2853 0.0926
9.2600 0.3400 6.0440 0.0920 0.2779 0.0925
9.5500 0.3700 6.0320 0.0880 0.2769 0.0924
9.4000 0.3200 6.0680 0.0740 0.2785 0.0922
10.3000 0.2900 6.0000 0.0960 0.2745 0.0921
9.7100 0.2500 6.0480 0.1100 0.2755 0.0919
8.5900 0.2300 6.0020 0.0960 0.2755 0.0918
9.9600 0.3500 6.1380 0.0940 0.2764 0.0916
8.7500 0.2300 6.0660 0.0980 0.2723 0.0915
8.5800 0.2300 6.0200 0.0820 0.2717 0.0914
8.8500 0.2700 5.9340 0.1000 0.2727 0.0912
10.6100 0.2700 5.7640 0.0820 0.2673 0.0911
10.0500 0.3100 5.9420 0.0860 0.2703 0.0909
10.9900 0.4400 5.9000 0.0720 0.2677 0.0908
10.1600 0.3700 5.9800 0.0820 0.2712 0.0906
10.0100 0.2400 5.7660 0.0740 0.2648 0.0905
10.3600 0.3400 6.1140 0.0800 0.2746 0.0903
9.4100 0.2600 5.7200 0.0980 0.2644 0.0901
8.9900 0.3100 6.0560 0.0820 0.2675 0.0900
9.3600 0.2300 5.6580 0.0720 0.2617 0.0898
8.6300 0.2000 5.7520 0.0660 0.2628 0.0897
9.0600 0.3000 5.7340 0.0820 0.2608 0.0895
9.4300 0.3600 5.8220 0.0780 0.2615 0.0893
11.4900 0.4500 5.7100 0.0820 0.2610 0.0892
9.9600 0.3500 5.6860 0.0740 0.2608 0.0890
9.4000 0.2200 5.7380 0.0820 0.2628 0.0889
9.3600 0.2900 5.6840 0.0840 0.2590 0.0887
10.3400 0.3400 5.7960 0.1060 0.2614 0.0885
9.8400 0.2200 5.7500 0.0660 0.2586 0.0884
9.3300 0.3000 5.7120 0.0780 0.2583 0.0882
9.2700 0.2000 5.7960 0.0980 0.2623 0.0880
9.1700 0.2300 5.6000 0.0800 0.2547 0.0878
10.0500 0.2900 5.6800 0.0700 0.2592 0.0877
10.0800 0.3500 5.6720 0.0620 0.2576 0.0875
9.0500 0.2400 5.7120 0.0780 0.2551 0.0873
9.2700 0.2200 5.6960 0.0920 0.2587 0.0872
9.3100 0.2700 5.6580 0.0700 0.2572 0.0870
9.8400 0.2900 5.6520 0.0720 0.2560 0.0868
8.9900 0.3200 5.5820 0.0520 0.2519 0.0866
9.6800 0.2900 5.6100 0.0540 0.2525 0.0864
9.7100 0.2500 5.6420 0.0700 0.2540 0.0863
8.9000 0.3000 5.6880 0.0840 0.2552 0.0861
9.7700 0.3100 5.4920 0.0820 0.2515 0.0859
10.0300 0.3400 5.3700 0.0660 0.2494 0.0857
10.2800 0.2900 5.6040 0.0800 0.2527 0.0855
9.3400 0.2200 5.6920 0.0620 0.2535 0.0854
8.5700 0.2400 5.4420 0.0540 0.2480 0.0852
10.3600 0.3400 5.4500 0.0560 0.2484 0.0850
9.4500 0.2800 5.7460 0.0900 0.2554 0.0848
11.7500 0.4800 5.4900 0.0740 0.2479 0.0846
9.8400 0.2300 5.4460 0.0780 0.2498 0.0844
9.4000 0.1500 5.5400 0.0640 0.2497 0.0842
10.1300 0.2200 5.4140 0.0680 0.2466 0.0840
10.7600 0.2900 5.3120 0.0700 0.2416 0.0838
12.5800 0.4000 5.3480 0.0600 0.2444 0.0837
10.6400 0.3400 5.4840 0.0580 0.2447 0.0835
11.4200 0.1700 5.4960 0.0840 0.2479 0.0833
8.6300 0.2700 5.4340 0.0660 0.2437 0.0831
8.9900 0.2100 5.4420 0.0640 0.2439 0.0829
8.3000 0.1800 5.3600 0.0760 0.2439 0.0827
9.0100 0.2500 5.2180 0.0620 0.2382 0.0825
8.0000 0.2000 5.2060 0.0860 0.2398 0.0823
8.7000 0.1300 5.3640 0.0700 0.2401 0.0821
10.0400 0.3400 5.1420 0.0540 0.2355 0.0819
8.9200 0.2100 5.2600 0.0740 0.2389 0.0817
8.8800 0.2400 5.1740 0.0740 0.2358 0.0815
9.5300 0.3400 5.3920 0.0920 0.2410 0.0813
9.4100 0.3600 5.1140 0.0580 0.2338 0.0811
9.3200 0.2500 5.2500 0.0580 0.2404 0.0809
9.3200 0.2200 5.3500 0.0600 0.2382 0.0806
9.0000 0.2500 5.2120 0.0700 0.2375 0.0804
10.0300 0.1800 5.0920 0.0480 0.2318 0.0802
9.1300 0.2600 5.0040 0.0660 0.2313 0.0800
9.6800 0.3100 5.2740 0.0580 0.2388 0.0798
9.7300 0.2500 5.0880 0.0580 0.2315 0.0796
8.5100 0.3100 5.3720 0.0580 0.2366 0.0794
9.3100 0.2000 4.9780 0.0480 0.2296 0.0792
9.2700 0.3900 5.1160 0.0580 0.2319 0.0790
9.5200 0.2900 5.0920 0.0380 0.2309 0.0788
10.9100 0.3300 5.0740 0.0520 0.2318 0.0785
9.7500 0.3800 5.1140 0.0600 0.2304 0.0783
9.0300 0.2200 5.2660 0.0660 0.2347 0.0781
9.4000 0.3200 5.0500 0.0580 0.2287 0.0779
8.9100 0.2900 5.1720 0.0460 0.2326 0.0777
9.1200 0.2100 5.0700 0.0640 0.2308 0.0775
9.6800 0.3500 4.8100 0.0560 0.2262 0.0772
9.2500 0.2500 4.7760 0.0680 0.2237 0.0770
10.0700 0.3100 4.8040 0.0520 0.2220 0.0768
8.5100 0.2300 5.1660 0.0560 0.2305 0.0766
10.8600 0.3400 5.1300 0.0760 0.2299 0.0763
8.4700 0.2300 5.0600 0.0500 0.2288 0.0761
8.8800 0.2900 4.8460 0.0700 0.2240 0.0759
9.3100 0.2500 5.1740 0.0660 0.2283 0.0757
9.1100 0.3200 4.8420 0.0720 0.2240 0.0755
11.2500 0.3200 4.7680 0.0380 0.2224 0.0752
8.1800 0.2500 4.8020 0.0540 0.2189 0.0750
9.5700 0.3300 4.7700 0.0400 0.2196 0.0748
9.6200 0.3600 4.8860 0.0480 0.2211 0.0745
11.6500 0.3400 4.7100 0.0520 0.2174 0.0743
8.2300 0.2400 4.7420 0.0480 0.2191 0.0741
10.1300 0.3700 4.7960 0.0480 0.2174 0.0739
8.7100 0.1900 4.9340 0.0440 0.2241 0.0736
8.8000 0.2400 4.8160 0.0360 0.2192 0.0734
7.8500 0.2900 4.6020 0.0580 0.2139 0.0732
9.2400 0.3300 4.7040 0.0660 0.2193 0.0729
9.8300 0.3100 4.5700 0.0360 0.2107 0.0727
8.4200 0.3200 4.7380 0.0400 0.2168 0.0725
8.5300 0.2100 4.5540 0.0460 0.2119 0.0722
9.9500 0.3200 4.4660 0.0460 0.2109 0.0720
8.9700 0.3800 4.6100 0.0580 0.2127 0.0718
9.0600 0.2600 4.6480 0.0420 0.2133 0.0715
9.3100 0.2400 4.5980 0.0440 0.2139 0.0713
9.0200 0.3100 4.7440 0.0460 0.2162 0.0711
8.9500 0.2600 4.4720 0.0420 0.2075 0.0708
9.1500 0.3800 4.4900 0.0320 0.2085 0.0706
9.2900 0.2400 4.7540 0.0420 0.2118 0.0703
8.7200 0.3000 4.6160 0.0440 0.2088 0.0701
8.7600 0.1600 4.3340 0.0460 0.2042 0.0699
8.3000 0.2400 4.4560 0.0260 0.2058 0.0696
8.0200 0.1700 4.4000 0.0380 0.2070 0.0694
9.2600 0.2900 4.6560 0.0380 0.2108 0.0691
8.7500 0.3600 4.5520 0.0700 0.2096 0.0689
10.6000 0.4400 4.4400 0.0380 0.2040 0.0686
7.8000 0.2300 4.2320 0.0300 0.1985 0.0684
9.2800 0.2500 4.2540 0.0380 0.2010 0.0682
9.9800 0.2900 4.4360 0.0360 0.2055 0.0679
8.2500 0.2000 4.2620 0.0580 0.2025 0.0677
8.5900 0.2300 4.3000 0.0400 0.2012 0.0674
9.0200 0.3100 4.3460 0.0340 0.2021 0.0672
9.1500 0.2900 4.4960 0.0500 0.2051 0.0669
8.9700 0.2400 4.6260 0.0400 0.2119 0.0667
7.6600 0.1600 4.3400 0.0560 0.2032 0.0664
8.0200 0.2300 4.2420 0.0380 0.1991 0.0662
10.2500 0.3400 4.2840 0.0300 0.1981 0.0659
9.5100 0.2600 4.2980 0.0500 0.1993 0.0657
8.5800 0.2300 4.1800 0.0260 0.1970 0.0655
9.9600 0.2700 4.3700 0.0320 0.2019 0.0652
8.7700 0.2300 4.2400 0.0460 0.1984 0.0650
8.5500 0.2100 4.1180 0.0340 0.1942 0.0647
8.8800 0.3100 4.0600 0.0340 0.1923 0.0645
9.0100 0.2600 4.2280 0.0380 0.1956 0.0642
7.6900 0.2200 3.9800 0.0360 0.1911 0.0639
8.5400 0.1800 4.1500 0.0300 0.1951 0.0637
8.6500 0.2500 4.2520 0.0220 0.1971 0.0634
9.1000 0.2400 4.0560 0.0440 0.1931 0.0632
7.8000 0.2300 4.1020 0.0280 0.1940 0.0629
8.6400 0.2700 4.0120 0.0260 0.1885 0.0627
8.6600 0.1900 3.9980 0.0320 0.1895 0.0624
8.9400 0.2500 3.9000 0.0420 0.1862 0.0622
8.9700 0.2600 3.8760 0.0240 0.1869 0.0619
8.8200 0.3400 3.8840 0.0340 0.1866 0.0617
8.8700 0.2200 4.1920 0.0360 0.1955 0.0614
9.3300 0.3500 4.0680 0.0340 0.1918 0.0612
8.9700 0.3200 4.0540 0.0380 0.1911 0.0609
8.6700 0.1900 4.2900 0.0400 0.1944 0.0607
8.0500 0.3000 3.7280 0.0400 0.1799 0.0604
8.9300 0.2300 4.0540 0.0320 0.1886 0.0601
8.1000 0.2400 3.6960 0.0280 0.1813 0.0599
8.7700 0.1900 3.9500 0.0200 0.1873 0.0596
8.0300 0.2900 3.8820 0.0300 0.1868 0.0594
8.0800 0.2400 3.6880 0.0320 0.1798 0.0591
8.7800 0.2400 3.5460 0.0360 0.1763 0.0589
8.9100 0.2400 3.8400 0.0340 0.1847 0.0586
8.7800 0.2400 3.8580 0.0400 0.1838 0.0583
8.7200 0.2600 3.9660 0.0280 0.1859 0.0581
8.4700 0.2300 3.7480 0.0220 0.1826 0.0578
8.0300 0.2700 3.6220 0.0220 0.1767 0.0576
7.9800 0.2300 3.6340 0.0240 0.1772 0.0573
8.1400 0.2400 3.7140 0.0280 0.1797 0.0570
8.5200 0.3100 3.7180 0.0140 0.1778 0.0568
7.6300 0.2000 3.5600 0.0260 0.1736 0.0565
8.3300 0.3000 3.5540 0.0220 0.1748 0.0563
8.0700 0.2900 3.5220 0.0160 0.1740 0.0560
8.0200 0.2800 3.5560 0.0300 0.1740 0.0557
8.0500 0.3100 3.4800 0.0240 0.1703 0.0555
7.7400 0.1700 3.6640 0.0240 0.1760 0.0552
8.6800 0.2200 3.4720 0.0320 0.1728 0.0550
7.9800 0.2400 3.6020 0.0220 0.1733 0.0547
7.5800 0.2500 3.4480 0.0280 0.1722 0.0544
7.5000 0.3100 3.5840 0.0100 0.1718 0.0542
10.3300 0.4000 3.6580 0.0260 0.1746 0.0539
7.9100 0.2500 3.9060 0.0380 0.1823 0.0537
8.6000 0.2500 3.4320 0.0200 0.1716 0.0534
7.9900 0.1800 3.3200 0.0380 0.1651 0.0531
8.1500 0.2700 3.6060 0.0140 0.1741 0.0529
8.0100 0.1500 3.4120 0.0120 0.1692 0.0526
8.1000 0.1900 3.1520 0.0280 0.1616 0.0524
7.9400 0.1800 3.4840 0.0200 0.1693 0.0521
9.1300 0.2400 3.4660 0.0240 0.1685 0.0518
8.5400 0.2600 3.4140 0.0160 0.1644 0.0516
7.5900 0.1600 3.4660 0.0300 0.1668 0.0513
8.7200 0.2600 3.4880 0.0300 0.1688 0.0510
7.9200 0.2200 3.2820 0.0180 0.1630 0.0508
8.5600 0.2700 3.1540 0.0180 0.1609 0.0505
8.3600 0.2300 3.5060 0.0240 0.1699 0.0503
7.5600 0.2500 3.1640 0.0120 0.0925 0.0500
8.1800 0.1700 3.0840 0.0160 0.0902 0.0497
7.8800 0.1300 2.7760 0.0180 0.0826 0.0495
7.5900 0.1700 3.0440 0.0200 0.0880 0.0492
7.7900 0.2600 2.9660 0.0180 0.0850 0.0490
8.2200 0.3200 3.0140 0.0160 0.0877 0.0487
7.2600 0.1500 2.8400 0.0100 0.0833 0.0484
7.0500 0.1500 2.8160 0.0060 0.0807 0.0482
7.7600 0.1700 2.7620 0.0140 0.0791 0.0479
7.9000 0.2700 2.8860 0.0160 0.0831 0.0476
8.4300 0.3200 2.6620 0.0120 0.0775 0.0474
8.5300 0.2400 2.4500 0.0180 0.0731 0.0471
8.1500 0.2500 2.5860 0.0040 0.0740 0.0469
8.3800 0.2500 2.7980 0.0160 0.0791 0.0466
7.7600 0.2800 2.8460 0.0140 0.0826 0.0463
7.8200 0.2500 2.7020 0.0080 0.0766 0.0461
7.5900 0.2700 2.5600 0.0080 0.0751 0.0458
7.2500 0.1500 2.3780 0.0080 0.0705 0.0456
8.7900 0.2300 2.3180 0.0100 0.0691 0.0453
8.9900 0.2800 2.4340 0.0200 0.0705 0.0450
7.8400 0.3500 2.7600 0.0200 0.0806 0.0448
8.8500 0.2900 2.5000 0.0100 0.0719 0.0445
8.7000 0.1800 2.5860 0.0300 0.0751 0.0443
7.7400 0.1500 2.4740 0.0060 0.0705 0.0440
7.6100 0.1800 2.2800 0.0080 0.0677 0.0437
7.6100 0.2700 2.3640 0.0060 0.0677 0.0435
7.6500 0.2700 2.5000 0.0020 0.0704 0.0432
8.0900 0.3700 2.3700 0.0080 0.0699 0.0430
7.9100 0.2000 2.2340 0.0060 0.0652 0.0427
9.0000 0.2000 2.3760 0.0100 0.0688 0.0424
7.9500 0.2900 2.1820 0.0160 0.0658 0.0422
7.3400 0.2100 2.4200 0.0160 0.0693 0.0419
7.8400 0.2800 2.3760 0.0100 0.0686 0.0417
7.6500 0.1900 2.0560 0.0120 0.0605 0.0414
7.9500 0.2200 2.3520 0.0100 0.0686 0.0411
7.5300 0.1900 2.3360 0.0120 0.0669 0.0409
6.9900 0.1400 2.1260 0.0080 0.0631 0.0406
7.5700 0.2600 2.0000 0.0100 0.0575 0.0404
7.2600 0.1500 2.1900 0.0060 0.0643 0.0401
8.3100 0.2100 2.1720 0.0100 0.0627 0.0399
7.9800 0.2400 2.5700 0.0160 0.0749 0.0396
7.0000 0.3000 1.9660 0.0060 0.0593 0.0393
6.8400 0.2700 2.0280 0.0060 0.0596 0.0391
7.3400 0.2000 1.8840 0.0080 0.0542 0.0388
7.1500 0.2600 2.0700 0.0080 0.0607 0.0386
7.6000 0.1500 1.9120 0.0040 0.0564 0.0383
7.4200 0.2700 2.3300 0.0100 0.0680 0.0381
7.1300 0.1900 1.8740 0.0100 0.0563 0.0378
6.9600 0.2300 1.7820 0.0080 0.0534 0.0376
7.0300 0.1900 1.8060 0.0140 0.0529 0.0373
8.1000 0.3400 2.2180 0.0140 0.0628 0.0371
7.9100 0.2400 2.0240 0.0040 0.0591 0.0368
6.9600 0.2400 1.8420 0.0140 0.0553 0.0366
7.8300 0.2600 1.6940 0.0080 0.0515 0.0363
7.1800 0.1900 1.9500 0.0160 0.0578 0.0361
8.6900 0.2800 1.9060 0.0060 0.0565 0.0358
6.5000 0.1700 2.2560 0.0040 0.0634 0.0355
7.0300 0.1900 1.8360 0.0060 0.0557 0.0353
7.2400 0.2300 1.6560 0.0060 0.0492 0.0350
7.1600 0.1500 1.7200 0.0040 0.0516 0.0348
7.0500 0.2500 1.9540 0.0140 0.0576 0.0345
7.2300 0.1700 2.0260 0.0100 0.0592 0.0343
6.7700 0.1900 1.7300 0.0060 0.0506 0.0341
7.6100 0.2100 1.7140 0.0100 0.0506 0.0338
7.2100 0.1600 1.7060 0.0040 0.0497 0.0336
6.3400 0.2100 1.6440 0.0040 0.0486 0.0333
6.5400 0.2300 1.3220 0.0060 0.0414 0.0331
7.1300 0.2300 1.7480 0.0040 0.0528 0.0328
6.6900 0.2400 1.6380 0.0100 0.0493 0.0326
6.6000 0.2600 1.7860 0.0060 0.0520 0.0323
7.8600 0.2500 1.5220 0.0120 0.0457 0.0321
6.8400 0.2300 1.5260 0.0000 0.0458 0.0318
7.0300 0.1800 1.4120 0.0100 0.0432 0.0316
6.8200 0.2400 1.6620 0.0060 0.0479 0.0314
7.0400 0.2100 1.5860 0.0060 0.0464 0.0311
6.9400 0.1700 1.5340 0.0100 0.0464 0.0309
6.8300 0.1200 1.3520 0.0040 0.0414 0.0306
7.0900 0.1800 1.3380 0.0040 0.0411 0.0304
7.3900 0.2800 1.5780 0.0040 0.0455 0.0301
7.1900 0.1800 1.6280 0.0040 0.0476 0.0299
6.8000 0.1600 1.4080 0.0160 0.0429 0.0297
7.0900 0.1900 1.5620 0.0000 0.0461 0.0294
7.1800 0.1500 1.3440 0.0060 0.0395 0.0292
6.5800 0.2300 1.4780 0.0080 0.0431 0.0289
6.7300 0.2600 1.3900 0.0040 0.0422 0.0287
6.9400 0.1300 1.3080 0.0020 0.0384 0.0285
6.6800 0.1900 1.3660 0.0000 0.0402 0.0282
6.9400 0.2400 1.3360 0.0080 0.0405 0.0280
7.6100 0.3700 1.3920 0.0000 0.0412 0.0278
6.4800 0.2100 1.3900 0.0020 0.0420 0.0275
7.1900 0.2500 1.2560 0.0060 0.0380 0.0273
6.8000 0.2200 1.2540 0.0020 0.0388 0.0271
6.9000 0.2000 1.3140 0.0000 0.0390 0.0268
6.9700 0.1800 1.3640 0.0020 0.0407 0.0266
6.4400 0.1400 1.1600 0.0020 0.0362 0.0264
6.9200 0.2300 1.2720 0.0040 0.0375 0.0261
6.7600 0.2000 1.2740 0.0040 0.0390 0.0259
6.4700 0.2300 1.1140 0.0040 0.0335 0.0257
7.0600 0.2200 1.1560 0.0080 0.0350 0.0255
7.0900 0.2000 0.9920 0.0000 0.0308 0.0252
7.2100 0.1500 1.3060 0.0000 0.0389 0.0250
6.7800 0.2000 1.3240 0.0080 0.0400 0.0248
7.1600 0.1900 1.0720 0.0000 0.0309 0.0245
6.4600 0.2100 0.9860 0.0000 0.0308 0.0243
6.2300 0.1900 1.2300 0.0040 0.0365 0.0241
6.1900 0.2500 1.0700 0.0000 0.0328 0.0239
6.6600 0.2500 0.9740 0.0040 0.0301 0.0237
6.6200 0.2100 1.1140 0.0040 0.0321 0.0234
7.1400 0.2100 1.0380 0.0000 0.0320 0.0232
6.4500 0.3400 1.0380 0.0020 0.0312 0.0230
6.1200 0.2000 1.0660 0.0040 0.0326 0.0228
6.5000 0.2300 0.9700 0.0000 0.0295 0.0225
7.0400 0.1900 0.9440 0.0040 0.0282 0.0223
6.0100 0.1800 0.9180 0.0000 0.0286 0.0221
6.4100 0.2000 0.9100 0.0000 0.0273 0.0219
6.3700 0.1200 0.8920 0.0020 0.0261 0.0217
7.0100 0.1700 1.0460 0.0020 0.0321 0.0215
6.2800 0.1300 1.0960 0.0040 0.0326 0.0212
6.4300 0.1300 0.8140 0.0000 0.0251 0.0210
6.3900 0.1700 0.9940 0.0000 0.0320 0.0208
6.6700 0.1100 0.9100 0.0000 0.0280 0.0206
6.5300 0.1400 0.9780 0.0020 0.0296 0.0204
6.1000 0.1900 0.8380 0.0000 0.0254 0.0202
6.3500 0.1500 0.7020 0.0000 0.0225 0.0200
6.5800 0.2700 0.7420 0.0000 0.0231 0.0198
6.8300 0.1400 0.9060 0.0000 0.0280 0.0196
6.3300 0.1800 0.8140 0.0020 0.0249 0.0194
6.2400 0.1400 0.9080 0.0000 0.0272 0.0191
6.0300 0.1200 0.7460 0.0000 0.0251 0.0189
6.1100 0.1600 0.5460 0.0000 0.0180 0.0187
6.1000 0.1300 0.6340 0.0040 0.0208 0.0185
6.1000 0.1100 0.7000 0.0020 0.0216 0.0183
5.9800 0.1600 0.6120 0.0020 0.0191 0.0181
5.9900 0.1600 0.6260 0.0020 0.0195 0.0179
6.3400 0.2400 0.7740 0.0000 0.0244 0.0177
5.8500 0.1600 0.5560 0.0020 0.0186 0.0175
5.7900 0.2000 0.5600 0.0000 0.0180 0.0173
6.3000 0.1800 0.6480 0.0020 0.0207 0.0171
6.6600 0.1400 0.8500 0.0040 0.0257 0.0169
6.1200 0.2400 0.5600 0.0000 0.0178 0.0167
6.5600 0.2300 0.6260 0.0000 0.0202 0.0165
5.7600 0.2000 0.5380 0.0020 0.0186 0.0163
6.1600 0.2400 0.4500 0.0020 0.0144 0.0162
6.3900 0.2700 0.6180 0.0020 0.0184 0.0160
6.3600 0.2400 0.7400 0.0020 0.0241 0.0158
5.9000 0.1500 0.6000 0.0020 0.0197 0.0156
5.8000 0.2200 0.4320 0.0000 0.0151 0.0154
6.1500 0.1400 0.5720 0.0020 0.0178 0.0152
5.8300 0.2100 0.4320 0.0000 0.0150 0.0150
5.9300 0.2900 0.4160 0.0000 0.0140 0.0148
6.0300 0.1600 0.3540 0.0000 0.0118 0.0146
6.0300 0.1700 0.4280 0.0000 0.0140 0.0145
6.2400 0.1700 0.5600 0.0020 0.0173 0.0143
6.0500 0.2200 0.4440 0.0040 0.0149 0.0141
5.8800 0.2500 0.5280 0.0000 0.0166 0.0139
6.0100 0.1900 0.4080 0.0000 0.0139 0.0137
5.9000 0.1600 0.3820 0.0040 0.0136 0.0136
5.7300 0.2400 0.3140 0.0000 0.0112 0.0134
6.1500 0.1600 0.3560 0.0020 0.0119 0.0132
5.8100 0.1700 0.4140 0.0000 0.0135 0.0130
6.1100 0.2700 0.3480 0.0000 0.0117 0.0128
5.9500 0.1800 0.4580 0.0000 0.0151 0.0127
5.8300 0.1600 0.3440 0.0000 0.0116 0.0125
5.5200 0.1800 0.3500 0.0000 0.0122 0.0123
5.4300 0.2600 0.4620 0.0000 0.0150 0.0122
5.5400 0.2100 0.3360 0.0000 0.0116 0.0120
5.8500 0.2100 0.3340 0.0000 0.0113 0.0118
5.8100 0.1700 0.3560 0.0000 0.0119 0.0116
5.2800 0.1600 0.2760 0.0000 0.0098 0.0115
5.8300 0.3300 0.3300 0.0000 0.0109 0.0113
5.0200 0.1900 0.3300 0.0020 0.0108 0.0111
5.3300 0.1200 0.1720 0.0000 0.0064 0.0110
6.0300 0.1700 0.2960 0.0000 0.0103 0.0108
5.5500 0.2500 0.2420 0.0000 0.0085 0.0107
5.4100 0.1100 0.1520 0.0000 0.0057 0.0105
5.3900 0.1600 0.1640 0.0000 0.0060 0.0103
5.4800 0.2000 0.1860 0.0000 0.0074 0.0102
5.5400 0.2000 0.1860 0.0000 0.0066 0.0100
4.9600 0.1700 0.1400 0.0000 0.0053 0.0099
5.6300 0.1900 0.1580 0.0000 0.0062 0.0097
5.6400 0.1800 0.2400 0.0000 0.0078 0.0095
5.5300 0.1900 0.2180 0.0000 0.0083 0.0094
5.4600 0.1600 0.1200 0.0000 0.0052 0.0092
5.0400 0.1200 0.0840 0.0000 0.0037 0.0091
5.1600 0.1800 0.1320 0.0000 0.0052 0.0089
5.3900 0.1700 0.0880 0.0000 0.0038 0.0088
5.1600 0.1600 0.0900 0.0000 0.0035 0.0086
5.2800 0.2000 0.1280 0.0000 0.0051 0.0085
5.0100 0.1900 0.1300 0.0000 0.0051 0.0084
5.3100 0.2200 0.1260 0.0000 0.0047 0.0082
5.3600 0.1500 0.0500 0.0000 0.0029 0.0081
5.1200 0.2200 0.0960 0.0000 0.0037 0.0079
5.1600 0.1800 0.0700 0.0000 0.0037 0.0078
5.4100 0.1700 0.0820 0.0000 0.0032 0.0076
5.1900 0.2100 0.0740 0.0000 0.0033 0.0075
5.2200 0.1500 0.0800 0.0000 0.0031 0.0074
4.9000 0.2100 0.0540 0.0000 0.0026 0.0072
5.1300 0.2600 0.1080 0.0000 0.0045 0.0071
5.1900 0.2100 0.0700 0.0000 0.0029 0.0070
5.0000 0.2200 0.0560 0.0000 0.0029 0.0068
4.9000 0.1800 0.0260 0.0000 0.0016 0.0067
4.9400 0.1800 0.0380 0.0000 0.0018 0.0066
5.4500 0.2100 0.1040 0.0000 0.0039 0.0064
5.1800 0.1500 0.0960 0.0000 0.0042 0.0063
5.2700 0.2100 0.1160 0.0000 0.0044 0.0062
5.1400 0.1800 0.0900 0.0000 0.0035 0.0061
5.2300 0.1800 0.0360 0.0000 0.0022 0.0059
5.2200 0.2000 0.0540 0.0000 0.0024 0.0058
5.1800 0.2000 0.0440 0.0000 0.0020 0.0057
4.9800 0.2000 0.0680 0.0000 0.0033 0.0056
5.0100 0.2000 0.0360 0.0000 0.0020 0.0054
4.9500 0.1600 0.0200 0.0000 0.0015 0.0053
5.1100 0.1600 0.0400 0.0000 0.0018 0.0052
5.1300 0.1500 0.0700 0.0000 0.0027 0.0051
5.0000 0.1700 0.0380 0.0000 0.0020 0.0050
4.8100 0.1200 0.0200 0.0000 0.0015 0.0049
5.2300 0.1300 0.0140 0.0000 0.0013 0.0048
5.0900 0.1300 0.0200 0.0000 0.0011 0.0046
5.0000 0.1400 0.0140 0.0000 0.0011 0.0045
4.9400 0.1500 0.0080 0.0000 0.0009 0.0044
4.8000 0.1400 0.0180 0.0000 0.0012 0.0043
4.7700 0.1000 0.0180 0.0000 0.0012 0.0042
4.9300 0.1000 0.0100 0.0000 0.0009 0.0041
4.7800 0.1500 0.0100 0.0000 0.0011 0.0040
4.9000 0.1300 0.0160 0.0000 0.0009 0.0039
4.9500 0.0900 0.0200 0.0000 0.0011 0.0038
4.7300 0.1200 0.0100 0.0000 0.0010 0.0037
4.7600 0.1400 0.0020 0.0000 0.0007 0.0036
4.8500 0.1000 0.0080 0.0000 0.0008 0.0035
4.7300 0.1000 0.0100 0.0000 0.0008 0.0034
4.6300 0.1400 0.0020 0.0000 0.0007 0.0033
4.5300 0.1000 0.0000 0.0000 0.0006 0.0032
4.7000 0.1000 0.0000 0.0000 0.0006 0.0031
4.6800 0.1600 0.0040 0.0000 0.0006 0.0030
4.6600 0.1300 0.0040 0.0000 0.0007 0.0030
4.6800 0.1100 0.0020 0.0000 0.0005 0.0029
4.7300 0.1200 0.0040 0.0000 0.0006 0.0028
4.6400 0.1300 0.0020 0.0000 0.0006 0.0027
4.5600 0.1300 0.0000 0.0000 0.0005 0.0026
4.6600 0.1100 0.0000 0.0000 0.0005 0.0025
4.6600 0.1200 0.0000 0.0000 0.0005 0.0024
4.6500 0.1700 0.0000 0.0000 0.0005 0.0024
4.6300 0.1400 0.0040 0.0000 0.0006 0.0023
4.5800 0.1100 0.0020 0.0000 0.0005 0.0022
4.6100 0.1200 0.0040 0.0000 0.0006 0.0021
4.5800 0.1800 0.0040 0.0000 0.0006 0.0021
4.7000 0.1300 0.0040 0.0000 0.0006 0.0020
4.7500 0.1200 0.0060 0.0000 0.0006 0.0019
4.6700 0.1500 0.0080 0.0000 0.0006 0.0018
4.5500 0.1200 0.0060 0.0000 0.0006 0.0018
4.6300 0.1300 0.0060 0.0000 0.0005 0.0017
4.5600 0.1300 0.0020 0.0000 0.0005 0.0016
4.7600 0.1400 0.0000 0.0000 0.0005 0.0016
4.6000 0.1800 0.0000 0.0000 0.0005 0.0015
4.6500 0.1200 0.0000 0.0000 0.0005 0.0014
4.5900 0.1200 0.0060 0.0000 0.0006 0.0014
4.6800 0.1600 0.0020 0.0000 0.0005 0.0013
4.6100 0.1300 0.0060 0.0000 0.0006 0.0013
4.5400 0.1300 0.0020 0.0000 0.0005 0.0012
4.5700 0.1400 0.0020 0.0000 0.0005 0.0011
4.7500 0.1500 0.0020 0.0000 0.0005 0.0011
4.5400 0.1900 0.0040 0.0000 0.0006 0.0010
4.6400 0.1600 0.0060 0.0020 0.0007 0.0010
4.5400 0.1700 0.0020 0.0000 0.0005 0.0009
4.5800 0.1400 0.0060 0.0000 0.0006 0.0009
4.5900 0.1300 0.0060 0.0000 0.0006 0.0008
4.5900 0.1700 0.0040 0.0000 0.0007 0.0008
4.7300 0.1300 0.0000 0.0000 0.0005 0.0007
4.6200 0.1400 0.0020 0.0000 0.0005 0.0007
4.7200 0.1900 0.0120 0.0000 0.0007 0.0007
4.6000 0.1400 0.0020 0.0000 0.0006 0.0006
4.6300 0.1700 0.0040 0.0000 0.0006 0.0006
4.6300 0.1400 0.0000 0.0000 0.0006 0.0005
4.5900 0.1100 0.0000 0.0000 0.0005 0.0005
4.5300 0.1100 0.0000 0.0000 0.0005 0.0005
4.4900 0.1700 0.0020 0.0000 0.0005 0.0004
4.5300 0.1300 0.0020 0.0000 0.0005 0.0004
4.7100 0.1600 0.0020 0.0000 0.0005 0.0004
4.5400 0.1400 0.0000 0.0000 0.0005 0.0003
4.4400 0.1500 0.0020 0.0000 0.0005 0.0003
4.5500 0.1500 0.0020 0.0000 0.0005 0.0003
4.5800 0.1000 0.0020 0.0000 0.0005 0.0002
4.6700 0.1500 0.0040 0.0000 0.0005 0.0002
4.6100 0.0900 0.0020 0.0000 0.0005 0.0002
4.5900 0.1100 0.0000 0.0000 0.0005 0.0002
4.5000 0.1900 0.0000 0.0000 0.0005 0.0002
4.6100 0.1200 0.0020 0.0000 0.0005 0.0001
4.5100 0.1300 0.0000 0.0000 0.0005 0.0001
4.4600 0.1500 0.0000 0.0000 0.0005 0.0001
4.6000 0.1100 0.0000 0.0000 0.0005 0.0001
4.6100 0.1100 0.0000 0.0000 0.0005 0.0001
4.6300 0.1200 0.0100 0.0000 0.0006 0.0001
4.6200 0.1200 0.0020 0.0000 0.0005 0.0000
4.6700 0.1200 0.0040 0.0000 0.0005 0.0000
4.5500 0.0900 0.0000 0.0000 0.0005 0.0000
4.6900 0.1400 0.0000 0.0000 0.0004 0.0000
4.6000 0.1400 0.0080 0.0000 0.0006 0.0000
4.5600 0.1600 0.0000 0.0000 0.0005 0.0000
4.5400 0.1300 0.0020 0.0000 0.0005 0.0000
4.6400 0.1000 0.0020 0.0000 0.0005 0.0000
