73.9880 49.0600 85.5666 68.5605 5.0367 0.1000
63.1740 36.5640 68.2841 43.5931 3.4953 0.1000
57.9080 31.3060 62.5245 37.3978 3.1454 0.0999
55.2100 28.4780 59.8437 34.8323 2.9950 0.0998
53.7900 27.0680 58.2097 33.2652 2.9019 0.0997
54.0360 27.3580 57.2296 32.3454 2.8423 0.0996
51.7540 25.7760 56.6126 31.7518 2.8028 0.0994
52.5240 26.3740 56.2077 31.3726 2.7772 0.0992
52.7800 26.4140 55.8505 31.0218 2.7532 0.0989
51.1740 25.1720 55.5195 30.7926 2.7340 0.0986
51.4260 25.4360 55.2784 30.4937 2.7157 0.0983
52.3760 26.6040 55.0338 30.3305 2.7037 0.0979
49.6040 23.9800 54.8092 30.1157 2.6906 0.0976
50.9780 24.8260 54.6423 30.0218 2.6801 0.0971
49.6040 23.7620 54.5704 29.8955 2.6725 0.0967
50.1360 24.4060 54.4255 29.7489 2.6626 0.0962
50.8760 25.0740 54.2344 29.6580 2.6526 0.0957
51.1180 24.8860 54.1160 29.5324 2.6440 0.0951
49.8920 23.9860 53.9906 29.3935 2.6355 0.0946
49.7380 23.5460 53.8888 29.3222 2.6306 0.0939
51.1480 24.7840 53.7729 29.1838 2.6209 0.0933
50.3900 24.7120 53.6221 29.0957 2.6150 0.0926
48.7620 23.1440 53.5104 28.9456 2.6054 0.0919
49.5940 23.9080 53.4414 28.8536 2.5992 0.0912
48.2260 22.8420 53.3086 28.8177 2.5938 0.0905
48.6000 23.2600 53.2505 28.6885 2.5879 0.0897
50.2380 24.3340 53.0488 28.5505 2.5770 0.0889
49.2880 23.3100 52.9705 28.5164 2.5733 0.0880
48.6940 22.6240 52.7820 28.3441 2.5627 0.0872
48.7560 23.2720 52.6868 28.2670 2.5570 0.0863
47.6820 22.0940 52.6248 28.1538 2.5509 0.0854
47.7280 22.3580 52.4519 28.0409 2.5414 0.0844
48.3880 22.3120 52.3204 27.9416 2.5354 0.0835
47.8660 22.6840 52.2090 27.8053 2.5273 0.0825
48.2520 23.0060 52.0047 27.6868 2.5185 0.0815
46.8440 21.4620 51.9737 27.5992 2.5123 0.0804
46.6560 21.6740 51.7737 27.5051 2.5043 0.0794
46.8380 21.4300 51.6515 27.3714 2.4954 0.0783
47.3000 22.0920 51.5587 27.2255 2.4876 0.0772
47.6540 22.1460 51.3475 27.0912 2.4773 0.0761
47.1980 21.9580 51.2430 27.0073 2.4688 0.0750
45.7160 20.7280 51.0790 26.8754 2.4592 0.0739
46.6340 21.3700 50.8544 26.7367 2.4493 0.0727
46.2360 21.1240 50.7560 26.6058 2.4406 0.0715
45.4100 20.6800 50.6119 26.4501 2.4322 0.0703
45.5660 20.6560 50.4215 26.2873 2.4220 0.0691
44.6940 19.6480 50.2160 26.1961 2.4134 0.0679
45.3260 20.8840 50.0884 26.0362 2.4035 0.0667
44.1400 19.4720 49.8970 25.8678 2.3936 0.0655
44.3940 19.7920 49.7101 25.7632 2.3852 0.0642
43.6040 18.9360 49.5142 25.5995 2.3735 0.0629
44.9040 20.5840 49.3082 25.4036 2.3604 0.0617
44.2820 19.5960 49.1355 25.2863 2.3505 0.0604
44.7960 19.9780 48.9512 25.1527 2.3410 0.0591
43.4580 19.1640 48.7487 24.8868 2.3276 0.0578
43.2920 19.0140 48.5059 24.7844 2.3163 0.0565
42.8740 18.5640 48.2968 24.5685 2.3052 0.0552
42.6740 18.3120 48.1470 24.4290 2.2950 0.0539
43.0900 18.6680 47.8704 24.2375 2.2811 0.0526
43.2900 18.9080 47.6973 24.1364 2.2716 0.0513
43.4280 19.0540 48.9265 25.2016 2.1971 0.0500
43.3700 19.1320 47.8902 24.3551 2.1437 0.0487
41.8820 17.9460 47.5551 23.9988 2.1235 0.0474
42.7000 18.3800 47.2347 23.7997 2.1069 0.0461
41.8600 17.9660 47.0170 23.5626 2.0943 0.0448
41.2780 17.5360 46.6915 23.3806 2.0771 0.0435
40.7000 17.1320 46.3963 23.1335 2.0634 0.0422
40.5980 17.0920 46.2164 22.9971 2.0536 0.0409
40.1060 16.5700 45.9250 22.7073 2.0368 0.0396
40.0820 16.8640 45.6040 22.5200 2.0236 0.0383
40.4540 16.8300 45.3618 22.3343 2.0109 0.0371
40.0120 16.6500 44.9754 22.0772 1.9932 0.0358
39.7180 16.6740 44.7308 21.8660 1.9812 0.0345
38.7040 15.9460 44.4870 21.6909 1.9657 0.0333
38.8920 16.1340 44.1842 21.4352 1.9497 0.0321
38.2940 15.5480 43.9099 21.2008 1.9346 0.0309
38.3000 15.6320 43.6445 20.9922 1.9207 0.0297
37.4360 14.8860 43.2843 20.7515 1.9039 0.0285
38.2500 15.1840 42.9635 20.5787 1.8901 0.0273
37.5880 14.8740 42.6170 20.3473 1.8735 0.0261
37.3060 14.9400 42.3359 20.0855 1.8576 0.0250
36.8320 14.3800 41.9988 19.8384 1.8414 0.0239
36.7280 14.5800 41.6771 19.6391 1.8250 0.0228
36.2820 14.1880 41.3336 19.3544 1.8081 0.0217
36.5040 14.2060 40.9812 19.1059 1.7899 0.0206
35.3460 13.4680 40.6020 18.7927 1.7713 0.0196
34.9460 13.4440 40.2376 18.5692 1.7537 0.0185
34.8980 13.3100 39.9096 18.3697 1.7374 0.0175
34.8040 13.1040 39.4759 18.0642 1.7178 0.0165
33.7840 12.6860 39.1819 17.8682 1.7004 0.0156
33.4780 12.5980 38.7454 17.5345 1.6791 0.0146
33.6080 12.4120 38.3641 17.3441 1.6633 0.0137
33.2500 12.4560 37.9635 17.0443 1.6423 0.0128
32.8560 12.0080 37.6447 16.7875 1.6247 0.0120
32.7540 11.8780 37.1396 16.4720 1.6039 0.0111
32.3060 11.7900 36.6826 16.1320 1.5799 0.0103
31.8280 11.4340 36.2505 15.9082 1.5592 0.0095
31.9360 11.3920 35.8283 15.6454 1.5410 0.0088
31.5180 11.4160 35.3777 15.3806 1.5206 0.0081
30.9300 10.8660 34.9438 15.0231 1.4972 0.0074
30.6860 10.8940 34.4184 14.7228 1.4734 0.0067
30.2160 10.6380 33.9492 14.4347 1.4526 0.0061
29.8460 10.5440 33.3757 14.1123 1.4278 0.0054
29.7060 10.3140 32.8856 13.8191 1.4047 0.0049
29.2640 9.9760 32.4984 13.5488 1.3845 0.0043
29.1100 9.9180 31.9189 13.1699 1.3580 0.0038
28.5920 9.5940 31.4576 12.9307 1.3385 0.0033
28.3220 9.5300 30.8799 12.5944 1.3122 0.0029
27.9180 9.3520 30.3796 12.3039 1.2879 0.0024
27.6560 9.1340 29.9403 12.0504 1.2687 0.0021
27.4320 9.0400 29.4599 11.8017 1.2486 0.0017
27.2560 9.0100 28.9645 11.4791 1.2247 0.0014
27.0960 8.8300 28.5239 11.2688 1.2062 0.0011
26.7760 8.7660 28.1320 11.0473 1.1883 0.0008
26.8060 8.7100 27.7194 10.8472 1.1717 0.0006
26.5860 8.5720 27.4322 10.7045 1.1596 0.0004
26.5720 8.5400 27.2123 10.5486 1.1495 0.0003
26.4620 8.5480 27.0474 10.4490 1.1419 0.0002
26.5000 8.4980 26.9532 10.4200 1.1375 0.0001
26.4860 8.5020 26.8613 10.4001 1.1358 0.0000
