79.4000 51.5100 87.4600 65.2580 4.4461 0.1000
65.0700 32.0100 71.9740 40.6900 3.4469 0.1000
58.0700 26.0700 61.7700 29.2240 2.8954 0.1000
53.4000 22.6000 54.5900 23.0600 2.5397 0.1000
49.8400 18.8500 49.8180 19.2900 2.2894 0.1000
46.9800 17.2600 45.7640 16.4160 2.0897 0.0999
44.0800 15.7900 43.2040 14.5640 1.9503 0.0999
42.0800 14.2600 40.7480 12.8500 1.8190 0.0999
43.3900 15.6000 38.2940 11.6660 1.7039 0.0998
43.0400 15.4100 36.6480 10.8020 1.6222 0.0998
39.9500 12.7000 35.4900 9.9260 1.5477 0.0997
37.8800 12.0000 34.0660 9.3100 1.4802 0.0997
37.7000 12.1200 33.0080 8.7520 1.4243 0.0996
37.5600 12.4200 32.0620 8.1560 1.3774 0.0995
36.7800 10.9700 31.1520 7.8020 1.3337 0.0995
35.5800 10.4400 30.3800 7.2360 1.2921 0.0994
37.1100 11.7400 29.6300 7.0380 1.2686 0.0993
38.0500 12.1600 29.3280 6.6540 1.2373 0.0992
35.9000 11.3300 28.5940 6.4560 1.2090 0.0991
34.8100 10.3200 28.1400 6.1760 1.1880 0.0990
34.4600 10.8600 27.6340 6.0160 1.1705 0.0989
33.6600 9.5900 27.2440 5.7920 1.1481 0.0988
33.0400 9.6100 26.7640 5.5000 1.1259 0.0987
35.2100 11.1300 26.1940 5.4500 1.1137 0.0986
34.8200 10.3600 26.0060 5.3400 1.1001 0.0984
35.6700 10.2200 25.7260 5.1400 1.0840 0.0983
34.3900 10.4700 25.5400 5.0460 1.0691 0.0982
32.9600 9.5100 24.7780 4.8100 1.0495 0.0980
33.2800 9.8600 24.8060 4.8240 1.0453 0.0979
31.9900 9.5100 24.1760 4.4660 1.0259 0.0977
34.1500 11.1800 23.8760 4.5160 1.0167 0.0976
34.6900 10.7900 23.8780 4.3540 1.0119 0.0974
33.0900 9.4700 23.3660 4.4240 1.0007 0.0972
33.6200 10.0600 23.1280 3.9840 0.9848 0.0970
32.8700 10.2400 22.9260 3.9760 0.9722 0.0969
33.5400 10.3700 22.4120 4.0320 0.9574 0.0967
32.7400 9.6300 22.1060 3.8540 0.9512 0.0965
32.4500 9.0200 22.1740 3.6900 0.9454 0.0963
32.0000 9.8100 21.9280 3.6380 0.9315 0.0961
33.4400 10.0000 21.7400 3.6300 0.9302 0.0959
33.5900 9.7800 21.5240 3.5240 0.9234 0.0957
32.4000 9.6700 20.8720 3.2700 0.9052 0.0955
30.7500 8.4400 20.9980 3.3920 0.9062 0.0952
32.1500 9.2500 20.5440 3.2960 0.8941 0.0950
32.2800 9.3800 20.6460 3.2860 0.8887 0.0948
31.1700 8.9300 20.6560 3.2240 0.8869 0.0946
33.0800 10.1200 20.0760 2.9740 0.8637 0.0943
32.8300 9.7300 19.8800 2.9320 0.8644 0.0941
32.4200 9.9600 19.8260 2.9480 0.8581 0.0938
31.7900 9.1100 20.0960 2.9800 0.8635 0.0936
31.8200 9.3200 19.5440 2.9800 0.8447 0.0933
31.7500 8.9200 19.6320 2.8520 0.8408 0.0930
32.5800 9.5700 19.4140 2.7560 0.8381 0.0928
32.5600 10.1200 19.1680 2.7600 0.8241 0.0925
33.1800 9.9700 19.0580 2.6860 0.8225 0.0922
32.9700 10.5300 19.1460 2.6060 0.8200 0.0919
34.1700 10.5000 18.5040 2.5440 0.8068 0.0916
32.7700 9.7800 18.6460 2.5200 0.8039 0.0914
31.4700 9.3600 18.5560 2.5800 0.8027 0.0911
31.9400 9.7000 18.3860 2.4820 0.7985 0.0908
31.7000 9.4000 18.0800 2.3760 0.7883 0.0905
32.3800 9.8400 17.7460 2.3720 0.7841 0.0901
31.4300 9.4000 17.6940 2.2960 0.7782 0.0898
32.8200 10.3300 17.8620 2.2340 0.7771 0.0895
33.0200 9.7000 17.3320 2.2680 0.7660 0.0892
32.1300 9.4900 17.9680 2.2980 0.7793 0.0889
31.8800 9.2300 17.1460 2.1640 0.7543 0.0885
31.4500 9.2900 16.9120 2.1540 0.7491 0.0882
30.9300 8.9100 17.3180 2.1600 0.7563 0.0878
30.6000 8.6900 17.0580 1.9820 0.7481 0.0875
30.9000 9.1900 16.8980 1.9660 0.7401 0.0872
31.3900 8.8600 16.5300 1.9740 0.7318 0.0868
31.2600 9.4400 16.7940 2.0540 0.7422 0.0864
32.8000 9.7800 16.1820 1.9600 0.7194 0.0861
32.8100 9.9900 16.7340 1.9060 0.7336 0.0857
31.1000 8.6700 16.1980 1.9640 0.7186 0.0854
31.4800 9.8400 16.1060 1.9000 0.7211 0.0850
31.4500 9.4600 15.7940 1.8260 0.7050 0.0846
30.5400 9.1000 16.3660 1.8560 0.7170 0.0842
31.5100 9.1900 15.8580 1.7780 0.7097 0.0838
31.3200 9.1200 15.9500 1.8400 0.7102 0.0835
30.9400 8.7400 15.6780 1.7160 0.7006 0.0831
30.8100 9.1600 15.5040 1.7560 0.6941 0.0827
30.8100 8.5100 15.6400 1.7120 0.6957 0.0823
32.0100 9.2800 15.0420 1.6380 0.6793 0.0819
31.1900 9.1000 15.3200 1.7460 0.6872 0.0815
31.7100 9.4000 14.9640 1.5240 0.6744 0.0811
32.1400 9.7400 15.6440 1.7940 0.6957 0.0806
31.1900 8.9800 14.9800 1.5200 0.6739 0.0802
32.2600 9.6600 14.5680 1.4520 0.6601 0.0798
32.6800 10.1000 14.8120 1.5160 0.6633 0.0794
31.2900 9.6700 14.6000 1.5100 0.6618 0.0790
32.3700 10.0100 14.4700 1.4760 0.6581 0.0785
31.4900 9.4400 14.3600 1.5440 0.6545 0.0781
31.2700 9.3400 13.8620 1.4000 0.6342 0.0777
31.5400 9.4600 14.4420 1.4180 0.6446 0.0772
31.9500 9.7000 13.8400 1.3040 0.6337 0.0768
31.6700 9.9900 13.9800 1.3880 0.6354 0.0763
31.2200 9.1800 14.0800 1.3340 0.6367 0.0759
31.1000 9.3300 13.6760 1.2560 0.6241 0.0755
32.3900 9.8400 14.6940 1.4440 0.6388 0.0750
30.4000 9.0300 14.8240 1.5560 0.6425 0.0745
31.0500 9.3300 14.0280 1.2840 0.6155 0.0741
29.2600 8.4800 13.8280 1.3220 0.6099 0.0736
28.3900 7.9100 13.7260 1.2800 0.6072 0.0732
31.7900 9.5100 13.2060 1.1680 0.5922 0.0727
30.3400 9.1500 13.3500 1.2000 0.5942 0.0722
29.8100 8.8300 13.2200 1.1900 0.5923 0.0718
30.6200 8.9900 13.2080 1.2280 0.5870 0.0713
31.4900 9.8800 13.0500 1.1740 0.5822 0.0708
29.1500 8.5700 12.6820 1.1280 0.5730 0.0703
29.9900 9.1300 12.3720 1.0940 0.5679 0.0699
30.3400 9.0000 12.6060 1.1400 0.5725 0.0694
30.6100 9.0200 12.8580 1.0780 0.5751 0.0689
29.1600 8.7900 12.2740 1.0280 0.5555 0.0684
30.8500 9.3700 12.2680 0.9980 0.5551 0.0679
29.4000 8.6800 12.0560 0.9800 0.5525 0.0674
31.4300 9.8400 12.1720 0.9800 0.5488 0.0669
30.8600 9.1300 11.6820 0.9100 0.5401 0.0664
31.0600 8.8000 11.8260 0.9540 0.5402 0.0659
30.7400 9.6300 11.6640 0.9160 0.5383 0.0655
30.4700 9.0900 10.9620 0.8760 0.5147 0.0650
30.9600 9.1200 10.9640 0.8800 0.5136 0.0645
31.5800 9.5600 11.4660 0.9000 0.5300 0.0639
29.9500 8.5400 11.3100 0.7820 0.5214 0.0634
31.5100 9.2500 11.1740 0.9040 0.5177 0.0629
29.6900 9.0800 10.8840 0.7640 0.5116 0.0624
30.2100 9.2600 10.8740 0.7360 0.5046 0.0619
29.2900 8.8400 10.7800 0.7900 0.5049 0.0614
30.4000 8.8200 10.7500 0.7620 0.5023 0.0609
30.9600 9.1200 10.5840 0.7100 0.4982 0.0604
29.6300 8.7700 10.3240 0.7080 0.4908 0.0599
28.4800 8.3600 9.9420 0.6980 0.4777 0.0594
29.5200 8.4500 9.8880 0.6320 0.4781 0.0589
29.4200 8.9800 9.7080 0.6840 0.4734 0.0583
30.3100 8.8500 9.9760 0.6680 0.4754 0.0578
29.7400 8.4500 10.1180 0.7220 0.4800 0.0573
29.9100 8.7900 9.8100 0.6400 0.4659 0.0568
29.2200 9.0200 9.8060 0.6060 0.4685 0.0563
28.9500 8.2500 9.4080 0.6100 0.4584 0.0557
29.0300 8.3600 9.3400 0.5360 0.4499 0.0552
29.0100 8.4600 9.4100 0.5920 0.4540 0.0547
29.8300 9.4000 9.0600 0.5100 0.4434 0.0542
29.0900 8.8700 9.1780 0.5420 0.4484 0.0537
29.1900 8.9000 8.5780 0.4800 0.4286 0.0531
28.6100 8.0100 9.3060 0.5760 0.4464 0.0526
29.1700 8.8600 8.4840 0.4840 0.4252 0.0521
28.1100 8.2900 8.2400 0.4780 0.4191 0.0516
28.6800 8.4700 8.2840 0.4300 0.4171 0.0510
28.1000 8.1100 8.2600 0.4260 0.4137 0.0505
31.3800 10.1200 20.3680 3.1380 0.6675 0.0500
31.3300 9.1500 15.2100 1.6180 0.4900 0.0495
29.4300 8.3700 13.1720 1.2040 0.4214 0.0490
30.5500 9.3300 11.4360 0.8860 0.3686 0.0484
29.8300 8.5800 11.3640 0.8340 0.3571 0.0479
29.6600 8.7600 10.7740 0.7660 0.3423 0.0474
27.6900 8.1800 10.2160 0.6640 0.3292 0.0469
29.5200 8.4700 9.9460 0.6360 0.3111 0.0463
28.8800 8.4500 9.5600 0.5740 0.2977 0.0458
29.2700 8.5000 8.8240 0.4720 0.2807 0.0453
28.6200 8.5800 8.9360 0.5300 0.2876 0.0448
29.7800 8.9000 8.7260 0.4920 0.2796 0.0443
29.0900 9.2300 8.4940 0.4380 0.2678 0.0437
28.2300 8.3500 8.1980 0.4320 0.2608 0.0432
27.7200 8.3000 7.9080 0.3960 0.2529 0.0427
28.7900 8.3700 7.3480 0.3120 0.2364 0.0422
27.8300 7.8500 7.5500 0.3740 0.2416 0.0417
27.7100 8.3600 6.9680 0.3240 0.2257 0.0411
28.1900 8.1500 7.0460 0.2940 0.2226 0.0406
27.6800 8.1300 7.1760 0.2780 0.2243 0.0401
27.8300 8.0600 6.6200 0.2740 0.2131 0.0396
27.6200 7.8600 6.7160 0.3180 0.2161 0.0391
27.1000 7.6700 6.4820 0.2740 0.2076 0.0386
27.8400 8.4700 6.7820 0.3120 0.2158 0.0381
27.2200 8.1500 6.4920 0.2500 0.2077 0.0376
26.9200 7.9600 6.2340 0.2500 0.1989 0.0371
27.1800 8.0900 5.8660 0.2240 0.1873 0.0366
27.5100 8.0500 5.6800 0.2000 0.1878 0.0361
26.7300 7.5600 5.6540 0.2360 0.1848 0.0355
26.5000 7.5400 4.9680 0.1480 0.1677 0.0350
27.1600 7.7400 5.2740 0.1880 0.1725 0.0345
26.5400 7.8600 4.7280 0.1500 0.1601 0.0341
27.2100 8.0000 4.8380 0.1560 0.1620 0.0336
26.7500 7.9000 4.9580 0.1580 0.1642 0.0331
25.9300 7.4500 4.5120 0.0940 0.1513 0.0326
26.6400 7.1700 4.2180 0.1200 0.1426 0.0321
26.1900 7.7900 4.3600 0.1080 0.1460 0.0316
27.4100 8.2400 4.3100 0.1180 0.1455 0.0311
27.0800 7.9100 4.2420 0.1020 0.1448 0.0306
25.9700 7.5500 3.7560 0.0780 0.1293 0.0301
25.5500 7.2600 3.7640 0.1000 0.1284 0.0297
26.6200 7.7200 3.7620 0.0880 0.1296 0.0292
25.5100 7.3800 3.4320 0.0800 0.1197 0.0287
26.2600 7.8800 3.3280 0.0740 0.1179 0.0282
26.6000 8.1900 3.1320 0.0740 0.1121 0.0278
26.0900 7.6100 3.3400 0.0680 0.1175 0.0273
26.0600 7.6400 2.8960 0.0540 0.1058 0.0268
25.7300 7.0800 2.4740 0.0520 0.0947 0.0264
25.5200 7.1300 2.5320 0.0540 0.0946 0.0259
25.5600 7.2800 2.7740 0.0540 0.1003 0.0255
25.5100 7.1700 2.2860 0.0320 0.0896 0.0250
25.3000 7.1400 2.4300 0.0360 0.0913 0.0245
24.6100 6.5800 2.2920 0.0340 0.0883 0.0241
25.1800 7.2200 2.0520 0.0340 0.0820 0.0237
25.0100 7.1400 1.9040 0.0280 0.0751 0.0232
24.8300 7.0300 2.0520 0.0300 0.0794 0.0228
24.7400 6.9500 1.6800 0.0200 0.0705 0.0223
24.0200 6.5100 1.6120 0.0100 0.0672 0.0219
24.3400 6.7300 1.5340 0.0180 0.0658 0.0215
24.5000 6.8500 1.5200 0.0180 0.0655 0.0210
24.6900 7.2100 1.4760 0.0140 0.0631 0.0206
24.7500 6.8300 1.2740 0.0080 0.0581 0.0202
24.4300 6.9000 1.1400 0.0120 0.0530 0.0198
24.1000 6.9300 1.1840 0.0200 0.0550 0.0194
24.3700 6.7600 0.9260 0.0120 0.0489 0.0189
24.9300 6.7100 0.9120 0.0080 0.0491 0.0185
23.6600 6.4200 0.8800 0.0060 0.0453 0.0181
23.5300 6.5200 0.7320 0.0080 0.0406 0.0177
23.2800 6.4500 0.7260 0.0080 0.0395 0.0173
23.0700 6.4200 0.6820 0.0040 0.0385 0.0169
23.2500 6.3900 0.7300 0.0060 0.0398 0.0165
23.6500 6.4900 0.6320 0.0040 0.0372 0.0162
23.4200 6.4500 0.5820 0.0060 0.0330 0.0158
23.2800 6.3500 0.5060 0.0080 0.0341 0.0154
23.6000 6.6100 0.4520 0.0020 0.0305 0.0150
22.8600 6.2700 0.4000 0.0040 0.0285 0.0146
22.4300 6.2300 0.3360 0.0000 0.0256 0.0143
22.8700 6.3400 0.3800 0.0060 0.0279 0.0139
22.8600 6.1200 0.2960 0.0040 0.0251 0.0136
23.0700 6.2100 0.2580 0.0000 0.0228 0.0132
22.5000 6.1200 0.2180 0.0020 0.0225 0.0128
22.9500 6.1900 0.2560 0.0040 0.0223 0.0125
22.7500 5.9900 0.2260 0.0060 0.0213 0.0122
22.4200 6.3500 0.2180 0.0020 0.0206 0.0118
22.5100 6.0900 0.2000 0.0000 0.0199 0.0115
22.0400 5.9800 0.1720 0.0040 0.0189 0.0111
22.2100 6.1600 0.1740 0.0000 0.0184 0.0108
22.6500 6.0800 0.1900 0.0020 0.0194 0.0105
22.5400 5.9800 0.1540 0.0000 0.0169 0.0102
21.7600 5.9600 0.1320 0.0000 0.0170 0.0099
22.3700 6.0200 0.1580 0.0020 0.0167 0.0095
22.0200 5.9200 0.1520 0.0020 0.0168 0.0092
22.0300 5.9500 0.1220 0.0000 0.0156 0.0089
22.1100 5.9400 0.1200 0.0000 0.0156 0.0086
22.0100 5.8200 0.1260 0.0000 0.0148 0.0084
21.8300 5.9200 0.1060 0.0000 0.0149 0.0081
22.0200 6.1200 0.0960 0.0000 0.0141 0.0078
21.8800 5.9900 0.0940 0.0000 0.0143 0.0075
21.6500 5.9000 0.0860 0.0000 0.0140 0.0072
21.8400 6.0100 0.0800 0.0000 0.0133 0.0070
21.4800 5.7900 0.0700 0.0020 0.0125 0.0067
21.6000 5.8500 0.0640 0.0000 0.0126 0.0064
21.6400 5.9900 0.0580 0.0000 0.0116 0.0062
21.8900 5.8700 0.0520 0.0000 0.0116 0.0059
21.3500 5.7800 0.0820 0.0020 0.0119 0.0057
21.7800 5.7300 0.0720 0.0000 0.0125 0.0054
21.6000 5.8400 0.0520 0.0000 0.0115 0.0052
21.4100 5.6800 0.0560 0.0000 0.0116 0.0050
21.3900 5.8400 0.0620 0.0000 0.0117 0.0048
21.3800 5.8100 0.0600 0.0000 0.0115 0.0045
21.5500 5.9900 0.0580 0.0000 0.0113 0.0043
21.6000 5.9600 0.0500 0.0000 0.0113 0.0041
21.4700 5.8100 0.0700 0.0000 0.0113 0.0039
21.5600 5.8000 0.0520 0.0000 0.0108 0.0037
21.3600 5.7700 0.0460 0.0000 0.0108 0.0035
21.5500 5.7500 0.0420 0.0000 0.0107 0.0033
21.4900 5.8000 0.0380 0.0000 0.0101 0.0031
21.3200 5.9200 0.0580 0.0000 0.0102 0.0030
21.1600 5.8500 0.0500 0.0000 0.0105 0.0028
21.2700 5.6300 0.0380 0.0020 0.0101 0.0026
21.2400 5.7300 0.0440 0.0000 0.0103 0.0024
21.3300 5.9800 0.0400 0.0000 0.0100 0.0023
21.2300 5.7100 0.0420 0.0000 0.0101 0.0021
21.3100 5.8400 0.0480 0.0000 0.0101 0.0020
21.3500 5.7600 0.0420 0.0000 0.0096 0.0018
21.4300 5.5500 0.0480 0.0000 0.0099 0.0017
21.3200 5.7500 0.0440 0.0000 0.0098 0.0016
21.2500 5.7600 0.0480 0.0000 0.0097 0.0014
21.1200 5.6900 0.0380 0.0000 0.0096 0.0013
21.3000 5.7400 0.0320 0.0000 0.0095 0.0012
21.0800 5.8700 0.0480 0.0000 0.0097 0.0011
21.1300 5.7000 0.0440 0.0000 0.0095 0.0010
21.3600 5.6600 0.0440 0.0000 0.0095 0.0009
21.3000 5.7700 0.0300 0.0000 0.0094 0.0008
21.3000 5.8000 0.0400 0.0000 0.0096 0.0007
21.4500 5.6500 0.0420 0.0000 0.0094 0.0006
21.2800 5.7200 0.0300 0.0000 0.0090 0.0005
21.4400 5.7800 0.0240 0.0000 0.0089 0.0005
21.1100 5.7400 0.0340 0.0000 0.0091 0.0004
21.5400 5.7100 0.0400 0.0000 0.0091 0.0003
21.1900 5.6600 0.0360 0.0000 0.0093 0.0003
21.4600 5.7100 0.0340 0.0000 0.0093 0.0002
21.4200 5.7200 0.0460 0.0020 0.0092 0.0002
21.1600 5.5400 0.0360 0.0000 0.0091 0.0001
21.0800 5.7800 0.0300 0.0000 0.0093 0.0001
21.1000 5.5800 0.0360 0.0000 0.0091 0.0001
21.1900 5.7800 0.0360 0.0000 0.0092 0.0000
21.2400 5.6700 0.0380 0.0000 0.0089 0.0000
21.2200 5.8000 0.0300 0.0000 0.0089 0.0000
21.0800 5.6300 0.0440 0.0000 0.0096 0.0000
