79.7400 53.3300 87.3740 65.3420 4.0904 0.1000
73.4500 42.2000 72.1360 41.0680 3.1547 0.1000
59.9700 27.5300 62.7960 30.2980 2.6687 0.1000
55.4400 24.1200 55.7740 23.9220 2.3325 0.1000
49.0600 19.1900 50.8340 20.0120 2.1098 0.1000
48.4400 17.9900 47.2360 17.3660 1.9356 0.0999
46.3500 16.8800 44.4140 15.4280 1.8057 0.0999
44.2100 15.5800 42.1120 13.9000 1.7036 0.0999
44.1700 15.6800 40.1840 12.6000 1.6174 0.0998
41.2900 14.5800 38.5140 11.7400 1.5404 0.0998
42.1200 13.9900 37.1120 10.8960 1.4822 0.0997
40.2700 13.2800 36.3780 10.3960 1.4365 0.0997
39.9900 12.7000 34.9720 9.6080 1.3840 0.0996
38.0500 11.9100 34.3420 9.2380 1.3593 0.0995
38.9900 12.1000 33.2380 8.7680 1.3152 0.0995
36.6000 11.2900 33.0060 8.4760 1.2927 0.0994
37.6700 11.6500 32.1340 7.9740 1.2564 0.0993
36.7500 11.3200 31.4420 7.8120 1.2375 0.0992
37.3400 11.6900 31.1480 7.6960 1.2195 0.0991
37.8800 12.4500 30.5400 7.4220 1.2031 0.0990
36.6500 11.7600 30.0000 7.1900 1.1814 0.0989
36.0200 11.2700 29.5160 7.0460 1.1641 0.0988
35.0700 10.5900 29.2020 6.7680 1.1482 0.0987
39.2500 12.1200 28.6080 6.5200 1.1300 0.0986
37.5400 12.5800 28.7040 6.4780 1.1223 0.0984
36.4400 10.7500 28.0540 6.0680 1.0977 0.0983
35.9200 10.3900 27.5800 5.9840 1.0856 0.0982
35.0400 10.4200 27.6140 5.8200 1.0797 0.0980
35.4600 11.7200 27.2480 5.9380 1.0673 0.0979
35.7800 11.0200 26.8880 5.6220 1.0548 0.0977
36.2600 11.3400 26.7220 5.4720 1.0455 0.0976
36.9200 11.7200 26.2080 5.4780 1.0346 0.0974
34.1400 10.8800 26.0920 5.6300 1.0350 0.0972
34.5400 9.7400 25.6880 5.2640 1.0141 0.0970
36.5900 11.7000 25.5100 5.1880 1.0074 0.0969
31.5100 9.3700 25.3700 5.0060 0.9985 0.0967
35.3000 11.3500 25.1040 4.9680 0.9903 0.0965
35.4800 10.8100 25.0860 4.8380 0.9893 0.0963
34.6200 9.9200 24.6180 4.7860 0.9729 0.0961
33.7100 10.1700 24.3560 4.6980 0.9663 0.0959
34.3600 10.2000 24.5140 4.5860 0.9617 0.0957
32.9900 10.0000 24.5540 4.5060 0.9589 0.0955
33.4700 11.0100 23.5100 4.4520 0.9400 0.0952
33.9000 9.7700 23.6220 4.5080 0.9438 0.0950
33.1400 9.8600 23.6000 4.1140 0.9280 0.0948
32.7300 9.1200 23.4760 4.2220 0.9313 0.0946
34.1100 10.0800 23.1640 4.1580 0.9199 0.0943
34.3700 10.5100 22.9820 4.1140 0.9111 0.0941
33.4900 9.9100 23.0820 4.0500 0.9096 0.0938
34.3400 10.3300 22.5940 4.0800 0.9034 0.0936
34.4800 10.7100 22.9580 4.0080 0.8976 0.0933
34.6200 10.7900 22.6420 3.8780 0.8855 0.0930
33.9100 9.7900 22.5840 3.8460 0.8844 0.0928
34.6300 10.0000 22.0380 3.7360 0.8725 0.0925
34.6300 10.8800 21.9940 3.7760 0.8691 0.0922
32.5400 9.2300 21.9980 3.5540 0.8610 0.0919
34.7700 10.8400 21.8200 3.7500 0.8639 0.0916
32.2400 9.7800 21.8920 3.5960 0.8616 0.0914
33.4300 10.3000 21.6460 3.5620 0.8485 0.0911
32.9700 9.7000 21.4700 3.3700 0.8497 0.0908
34.4000 10.9900 21.0940 3.4440 0.8358 0.0905
31.9000 9.8100 20.8920 3.3580 0.8333 0.0901
33.7000 9.7000 20.9980 3.1380 0.8285 0.0898
32.0500 9.5000 20.9300 3.3260 0.8266 0.0895
32.6200 9.8700 20.9280 3.2480 0.8267 0.0892
32.1200 9.4000 20.4560 3.1600 0.8149 0.0889
32.2600 9.8700 20.8700 3.2920 0.8238 0.0885
32.3700 9.5300 20.4180 3.1180 0.8102 0.0882
30.9700 9.0700 20.2580 2.9920 0.8012 0.0878
31.9300 9.5400 20.4100 3.1220 0.8062 0.0875
32.8000 9.8900 19.9800 2.8800 0.7922 0.0872
31.3000 8.9600 19.9240 2.9540 0.7915 0.0868
32.5800 9.4800 19.7200 2.9500 0.7884 0.0864
32.9600 9.8500 19.2100 2.8580 0.7755 0.0861
32.7400 9.6100 19.5380 2.8020 0.7785 0.0857
34.2000 10.1800 19.7940 2.7600 0.7808 0.0854
33.4100 10.2200 19.2000 2.7720 0.7661 0.0850
32.1100 9.5500 19.5120 2.6540 0.7704 0.0846
32.0800 9.8000 19.1080 2.7260 0.7609 0.0842
32.6200 9.7800 19.2300 2.7240 0.7674 0.0838
32.7800 10.1100 18.6720 2.7280 0.7513 0.0835
32.6800 9.5400 18.6540 2.5940 0.7483 0.0831
32.1800 9.7300 18.5900 2.6080 0.7446 0.0827
33.1600 9.9700 18.8580 2.5040 0.7475 0.0823
32.0700 9.3500 18.8360 2.5360 0.7502 0.0819
31.7400 9.0600 18.2240 2.5440 0.7357 0.0815
32.4000 9.5300 18.2980 2.4700 0.7316 0.0811
31.7900 9.0500 18.4540 2.3720 0.7313 0.0806
31.9600 9.4600 18.1620 2.4320 0.7299 0.0802
31.4600 9.2400 17.9540 2.2620 0.7209 0.0798
32.9700 10.1500 17.5900 2.2540 0.7087 0.0794
31.6200 9.7400 17.4540 2.2160 0.7033 0.0790
31.6200 8.9300 17.6240 2.2760 0.7086 0.0785
31.1300 8.9200 17.4040 2.1800 0.7062 0.0781
32.7400 10.1800 17.3700 2.2940 0.7020 0.0777
32.4000 9.3500 17.4900 2.1840 0.7009 0.0772
30.3900 8.8100 17.2100 2.1300 0.6932 0.0768
33.2800 10.2000 16.8800 2.0700 0.6822 0.0763
31.6700 9.3000 16.9480 2.1200 0.6844 0.0759
32.0600 9.5400 16.9520 2.0600 0.6827 0.0755
32.3000 9.2500 19.2580 2.7940 0.7398 0.0750
31.3200 9.5200 18.3260 2.5460 0.7082 0.0745
30.7600 9.0700 17.7880 2.4040 0.6923 0.0741
32.6000 9.5100 17.7600 2.2460 0.6906 0.0736
32.5400 9.9000 17.5160 2.2380 0.6806 0.0732
31.3000 8.8900 17.1360 2.1380 0.6658 0.0727
30.8400 9.0100 16.4780 1.9400 0.6498 0.0722
31.6600 9.2500 16.7860 2.0400 0.6529 0.0718
31.5300 9.2800 16.6300 1.8960 0.6486 0.0713
31.0700 9.2700 16.4300 1.8720 0.6421 0.0708
32.0800 10.0500 16.3920 1.8660 0.6382 0.0703
32.2800 9.4600 16.3580 1.8920 0.6417 0.0699
30.6200 9.0800 15.9980 1.8620 0.6284 0.0694
31.6200 9.1400 16.0600 1.7920 0.6268 0.0689
31.4600 9.1300 15.6960 1.7660 0.6174 0.0684
32.5900 9.7700 15.7860 1.7900 0.6210 0.0679
30.5500 8.7300 15.4440 1.6560 0.6114 0.0674
31.5900 9.0600 15.4300 1.6620 0.6086 0.0669
32.2800 9.7200 15.4120 1.7520 0.6131 0.0664
32.3000 9.6300 15.0680 1.6180 0.5979 0.0659
31.6700 9.2600 15.0680 1.6020 0.5956 0.0655
32.3100 9.4400 14.7800 1.4180 0.5859 0.0650
28.8800 8.1900 14.8860 1.5060 0.5900 0.0645
30.1300 8.8000 14.7160 1.5640 0.5899 0.0639
31.5900 9.9900 14.3140 1.4920 0.5738 0.0634
31.3000 9.9300 14.7640 1.5560 0.5800 0.0629
30.9500 9.0200 14.2720 1.3060 0.5694 0.0624
31.9100 9.8000 14.3840 1.4660 0.5724 0.0619
30.1700 8.7800 13.7840 1.3420 0.5565 0.0614
31.8900 10.1000 14.0100 1.3820 0.5597 0.0609
30.7500 8.9700 13.7320 1.2680 0.5518 0.0604
30.0500 8.5000 13.5340 1.3040 0.5491 0.0599
31.1500 9.3500 13.6580 1.2700 0.5451 0.0594
30.3700 9.2400 13.0700 1.2560 0.5315 0.0589
31.7900 9.2000 13.5720 1.2400 0.5418 0.0583
31.7500 9.3400 13.0360 1.1300 0.5278 0.0578
31.4300 8.9400 12.7480 1.1620 0.5194 0.0573
30.7900 8.8600 12.8600 1.1560 0.5207 0.0568
30.6500 8.5300 12.5380 1.0940 0.5111 0.0563
29.6700 8.5400 12.7720 1.0420 0.5133 0.0557
30.5800 9.3700 12.0580 1.0640 0.4972 0.0552
30.6400 9.4900 12.7660 1.0920 0.5154 0.0547
31.4800 9.1300 12.2640 1.0160 0.4979 0.0542
30.8600 9.2900 12.5840 1.0100 0.5020 0.0537
30.8800 9.2700 12.2560 0.9400 0.4958 0.0531
30.3800 9.3700 11.9260 1.0660 0.4900 0.0526
29.6000 8.5700 11.8240 0.9780 0.4869 0.0521
30.0200 9.0000 11.6080 0.9460 0.4766 0.0516
29.6700 8.7900 11.5840 0.8540 0.4743 0.0510
30.3000 9.0900 11.2900 0.8300 0.4631 0.0505
32.0100 9.5500 25.1480 4.7880 0.8446 0.0500
31.8400 9.8400 19.9300 2.9260 0.6478 0.0495
31.9100 9.1300 18.0960 2.5180 0.5867 0.0490
31.9000 9.1000 16.8600 2.0660 0.5395 0.0484
30.9100 9.1600 16.6120 2.0060 0.5328 0.0479
31.3100 9.1800 15.5760 1.6500 0.4941 0.0474
31.0100 8.8300 15.2520 1.6500 0.4856 0.0469
31.4300 8.9500 15.1260 1.5260 0.4780 0.0463
31.9300 9.2900 14.2580 1.4140 0.4538 0.0458
31.3400 9.2900 13.9200 1.3120 0.4416 0.0453
30.5000 8.8200 13.5920 1.2300 0.4351 0.0448
29.8500 8.5300 13.6280 1.2880 0.4313 0.0443
31.4000 9.2900 13.2800 1.2040 0.4185 0.0437
30.8700 9.3100 12.7460 1.1120 0.4048 0.0432
30.9400 8.7100 12.7740 1.0900 0.4063 0.0427
30.1100 8.4500 12.5020 1.0760 0.3966 0.0422
30.9900 9.3700 12.3900 1.0660 0.3919 0.0417
29.9700 8.6500 12.2300 0.9640 0.3843 0.0411
29.4800 8.3500 12.0840 0.9980 0.3781 0.0406
29.7200 8.4500 11.9020 0.9040 0.3724 0.0401
29.1400 8.3500 11.1580 0.8420 0.3543 0.0396
29.6000 8.5100 11.0560 0.8420 0.3504 0.0391
30.2100 9.0300 11.2100 0.7820 0.3509 0.0386
29.4400 8.4000 10.9420 0.7520 0.3439 0.0381
29.6200 8.5700 10.3240 0.6540 0.3247 0.0376
29.6800 8.7100 10.6640 0.7080 0.3317 0.0371
29.3600 8.8000 10.0100 0.6980 0.3212 0.0366
28.5200 8.3100 10.1680 0.6400 0.3210 0.0361
29.0900 7.9700 9.9280 0.6420 0.3138 0.0355
28.9000 8.1800 9.5560 0.5700 0.3021 0.0350
29.4500 8.0800 9.3740 0.5460 0.2966 0.0345
29.6000 8.7500 9.0260 0.5300 0.2881 0.0341
29.3200 8.6900 8.9860 0.4880 0.2840 0.0336
28.5800 8.2500 9.0060 0.5480 0.2869 0.0331
29.2500 8.6900 8.6720 0.5120 0.2770 0.0326
28.8900 8.2300 8.4420 0.4400 0.2700 0.0321
30.0500 8.5000 8.1700 0.3820 0.2600 0.0316
28.6700 8.4300 8.2760 0.3680 0.2607 0.0311
28.7800 8.1600 7.8500 0.3780 0.2510 0.0306
28.4100 8.2000 7.7920 0.3980 0.2506 0.0301
27.5300 8.1500 7.7920 0.4200 0.2468 0.0297
28.8400 8.3700 7.4000 0.3120 0.2360 0.0292
28.0800 8.3900 7.4060 0.3340 0.2377 0.0287
27.8700 8.1900 7.2460 0.3080 0.2322 0.0282
27.7700 8.1400 7.0720 0.2760 0.2284 0.0278
28.5200 7.9800 6.8000 0.2740 0.2186 0.0273
28.4300 8.1900 6.5000 0.2840 0.2116 0.0268
27.9900 7.8000 6.7280 0.2960 0.2166 0.0264
28.2600 8.0500 6.3780 0.2740 0.2062 0.0259
27.6000 8.0700 6.1500 0.2420 0.2030 0.0255
27.5200 8.0000 6.1540 0.2240 0.1992 0.0250
27.2500 8.0600 5.9500 0.2300 0.1944 0.0245
27.1000 7.8000 5.4660 0.1920 0.1806 0.0241
27.4300 7.9200 5.5300 0.1500 0.1807 0.0237
27.3800 7.8000 5.2740 0.1840 0.1751 0.0232
27.3600 7.6300 5.0580 0.1540 0.1704 0.0228
26.8800 7.5700 4.9040 0.1100 0.1633 0.0223
27.0000 7.5500 4.7140 0.1460 0.1588 0.0219
27.2300 7.6400 4.5800 0.1180 0.1522 0.0215
27.1100 7.7700 4.2920 0.1180 0.1466 0.0210
27.1100 7.5800 4.3520 0.1280 0.1496 0.0206
26.9800 7.8900 4.0240 0.0960 0.1369 0.0202
27.7400 7.6800 3.8380 0.0820 0.1321 0.0198
27.4800 8.0300 3.6460 0.0840 0.1291 0.0194
26.9500 7.1700 3.5320 0.0760 0.1257 0.0189
26.7900 7.5600 3.3840 0.0900 0.1235 0.0185
26.9100 7.2800 3.0200 0.0660 0.1101 0.0181
26.1500 7.4800 2.9360 0.0540 0.1110 0.0177
26.8400 7.4400 2.9840 0.0460 0.1093 0.0173
25.6700 7.1000 3.0020 0.0660 0.1085 0.0169
26.3400 7.2200 2.7380 0.0480 0.1015 0.0165
26.4200 7.4600 2.6200 0.0360 0.0977 0.0162
25.8800 7.1800 2.5140 0.0480 0.0959 0.0158
25.5400 7.2500 2.1560 0.0320 0.0876 0.0154
25.4700 7.0200 2.2160 0.0320 0.0868 0.0150
26.3600 7.4000 1.8400 0.0260 0.0765 0.0146
25.1900 6.8200 1.7840 0.0200 0.0766 0.0143
25.8700 7.3000 1.9280 0.0280 0.0798 0.0139
25.6500 7.0800 1.7820 0.0260 0.0756 0.0136
25.8700 7.2700 1.5920 0.0220 0.0711 0.0132
25.1200 6.9900 1.5220 0.0100 0.0678 0.0128
25.4100 6.9900 1.4240 0.0200 0.0638 0.0125
25.8500 6.9900 1.2700 0.0140 0.0608 0.0122
25.0700 6.7200 1.2460 0.0060 0.0585 0.0118
24.8200 6.7900 1.1800 0.0140 0.0568 0.0115
25.2200 6.9100 1.1400 0.0140 0.0542 0.0111
25.0400 7.0700 0.9600 0.0080 0.0504 0.0108
24.9800 6.8500 0.9880 0.0100 0.0517 0.0105
25.2700 6.9200 0.9480 0.0100 0.0498 0.0102
24.5800 6.8000 0.8220 0.0060 0.0453 0.0099
24.7000 6.8500 0.7440 0.0060 0.0432 0.0095
24.9300 6.9400 0.7680 0.0040 0.0440 0.0092
24.9400 6.8200 0.6900 0.0120 0.0418 0.0089
24.6800 6.7600 0.6920 0.0060 0.0415 0.0086
24.3100 7.0000 0.5760 0.0020 0.0377 0.0084
24.3600 6.8000 0.5240 0.0020 0.0358 0.0081
24.5300 6.8000 0.5320 0.0060 0.0358 0.0078
24.3300 6.8500 0.5480 0.0020 0.0366 0.0075
24.1400 6.8600 0.5560 0.0000 0.0353 0.0072
24.2300 6.8100 0.4400 0.0040 0.0331 0.0070
23.9300 6.5000 0.4140 0.0020 0.0320 0.0067
24.0300 6.7500 0.4340 0.0060 0.0304 0.0064
24.2100 6.6800 0.4200 0.0040 0.0306 0.0062
24.2200 6.6400 0.3640 0.0040 0.0293 0.0059
23.8900 6.7800 0.3480 0.0020 0.0283 0.0057
24.0800 6.6000 0.3480 0.0000 0.0277 0.0054
23.9200 6.7700 0.3160 0.0020 0.0272 0.0052
23.7500 6.7400 0.3180 0.0020 0.0277 0.0050
23.8400 6.7700 0.2900 0.0060 0.0263 0.0048
23.7700 6.6300 0.2880 0.0040 0.0262 0.0045
23.8100 6.7800 0.2380 0.0000 0.0244 0.0043
23.7200 6.7000 0.2480 0.0000 0.0240 0.0041
23.7700 6.6100 0.2240 0.0000 0.0234 0.0039
23.9000 6.6100 0.2300 0.0020 0.0236 0.0037
23.6800 6.5400 0.2280 0.0020 0.0233 0.0035
23.8400 6.7300 0.2240 0.0020 0.0225 0.0033
23.5500 6.5900 0.2120 0.0000 0.0223 0.0031
23.5100 6.5800 0.2040 0.0020 0.0214 0.0030
23.3700 6.6800 0.1860 0.0000 0.0217 0.0028
23.4700 6.6000 0.2000 0.0000 0.0216 0.0026
23.6400 6.5800 0.2380 0.0000 0.0214 0.0024
23.8000 6.5400 0.1900 0.0020 0.0215 0.0023
23.7000 6.7000 0.2000 0.0000 0.0206 0.0021
23.6600 6.5800 0.1520 0.0000 0.0205 0.0020
23.7200 6.7300 0.1600 0.0020 0.0198 0.0018
23.7700 6.7700 0.2040 0.0020 0.0210 0.0017
23.6800 6.5200 0.1400 0.0020 0.0195 0.0016
23.6300 6.6700 0.1680 0.0060 0.0198 0.0014
23.6600 6.6100 0.1380 0.0000 0.0189 0.0013
23.7000 6.7500 0.1800 0.0020 0.0194 0.0012
23.6200 6.6300 0.1400 0.0020 0.0191 0.0011
23.5300 6.6300 0.1800 0.0000 0.0192 0.0010
23.6600 6.5800 0.1500 0.0020 0.0187 0.0009
23.7200 6.6000 0.1540 0.0000 0.0186 0.0008
23.3900 6.4700 0.1380 0.0000 0.0185 0.0007
23.4500 6.6500 0.1800 0.0000 0.0190 0.0006
23.7800 6.5600 0.1360 0.0020 0.0188 0.0005
23.5400 6.5500 0.1240 0.0000 0.0182 0.0005
23.3700 6.5700 0.1280 0.0000 0.0184 0.0004
23.6000 6.5800 0.1300 0.0000 0.0180 0.0003
23.3100 6.5900 0.1480 0.0000 0.0185 0.0003
23.4900 6.6500 0.1320 0.0020 0.0181 0.0002
23.5800 6.5400 0.1020 0.0000 0.0179 0.0002
23.3300 6.5000 0.1140 0.0000 0.0177 0.0001
23.3700 6.7200 0.1360 0.0000 0.0184 0.0001
23.3800 6.7200 0.1080 0.0000 0.0174 0.0001
23.3200 6.7400 0.1320 0.0020 0.0181 0.0000
23.4000 6.5600 0.1240 0.0000 0.0181 0.0000
23.4500 6.5700 0.0900 0.0000 0.0175 0.0000
23.5400 6.5900 0.1140 0.0000 0.0178 0.0000
