73.7660 49.1780 87.5994 72.2153 5.5226 0.1000
60.5000 34.0740 69.2579 44.9515 3.7369 0.1000
53.0880 27.4440 60.4834 35.5970 3.1158 0.0999
50.9720 25.3340 56.0937 31.4649 2.8491 0.0998
47.9440 23.0020 53.4922 29.1733 2.7066 0.0997
46.3340 21.7620 51.7765 27.5927 2.6101 0.0996
44.9560 20.2360 50.4305 26.4674 2.5393 0.0994
44.6660 20.1880 49.4363 25.7355 2.4875 0.0992
43.6180 19.5400 48.7189 25.1282 2.4471 0.0989
43.2320 19.1160 48.1264 24.5973 2.4131 0.0986
42.7900 18.8660 47.6160 24.2143 2.3858 0.0983
42.0180 18.0660 47.2047 23.8508 2.3633 0.0979
42.1560 18.1780 46.8666 23.5744 2.3439 0.0976
42.2360 18.4220 46.5693 23.3890 2.3299 0.0971
40.7580 17.3740 46.3525 23.1806 2.3144 0.0967
41.0620 17.6520 46.0298 22.9215 2.2993 0.0962
40.8660 17.0980 45.8577 22.8425 2.2895 0.0957
41.3580 17.4600 45.6740 22.6547 2.2764 0.0951
40.4200 17.0360 45.5296 22.5380 2.2683 0.0946
40.3120 16.9600 45.3280 22.4011 2.2573 0.0939
40.6980 16.9720 45.1270 22.2689 2.2476 0.0933
39.9860 16.6500 45.0332 22.1383 2.2417 0.0926
39.8020 16.4880 44.8047 21.9899 2.2304 0.0919
40.1520 16.8360 44.7046 21.9665 2.2252 0.0912
39.4460 16.6000 44.5566 21.8317 2.2161 0.0905
39.5800 16.5660 44.4817 21.7897 2.2108 0.0897
39.5440 16.4460 44.3310 21.6610 2.1968 0.0889
39.1620 16.3180 44.2109 21.5609 2.1892 0.0880
39.0760 16.0400 44.0423 21.4279 2.1816 0.0872
38.8280 16.0440 43.9854 21.3266 2.1764 0.0863
39.1420 16.2460 43.8753 21.2868 2.1708 0.0854
38.9640 16.3000 43.6878 21.1424 2.1631 0.0844
38.8080 15.8040 43.5946 21.0664 2.1563 0.0835
38.5520 15.8000 43.4018 20.9364 2.1455 0.0825
38.6160 15.8480 43.4386 20.9519 2.1348 0.0815
38.1740 15.5500 43.2910 20.8940 2.1224 0.0804
38.0300 15.5600 43.1435 20.8088 2.1157 0.0794
38.3720 15.7660 43.0010 20.6673 2.1078 0.0783
37.8360 15.2140 42.8893 20.5716 2.1023 0.0772
37.6560 15.2540 42.7264 20.4554 2.0934 0.0761
38.1200 15.4200 42.6061 20.3744 2.0874 0.0750
37.7880 15.2340 42.4837 20.2860 2.0808 0.0739
38.4700 15.5920 42.4462 20.2905 2.0750 0.0727
38.0120 15.4580 42.8157 20.5300 2.0682 0.0715
37.7580 15.1500 42.4383 20.2954 2.0530 0.0703
37.1940 15.0340 42.2576 20.1455 2.0439 0.0691
37.4220 14.9360 42.0862 20.0444 2.0360 0.0679
37.5840 15.1680 41.9486 19.9121 2.0269 0.0667
37.3740 15.1440 41.8014 19.7834 2.0182 0.0655
36.7060 14.6600 41.6020 19.7173 2.0109 0.0642
36.4040 14.3720 41.4979 19.6059 2.0050 0.0629
37.9180 15.3400 42.3761 20.2715 2.0281 0.0617
37.6200 15.3080 42.3367 20.3080 2.0175 0.0604
36.9300 14.8540 41.9941 20.0708 2.0014 0.0591
36.9720 14.7680 41.7902 19.8789 1.9889 0.0578
36.7840 14.7840 41.5803 19.7447 1.9785 0.0565
36.6740 14.6560 41.4193 19.5663 1.9691 0.0552
36.2520 14.5260 41.1949 19.4887 1.9610 0.0539
36.3740 14.2500 41.0431 19.3417 1.9521 0.0526
36.1900 14.3300 40.9552 19.2650 1.9464 0.0513
39.0580 16.3720 45.3487 22.6716 2.0552 0.0500
38.5380 15.8980 43.5228 21.3347 1.9641 0.0487
37.4480 15.6320 42.8630 20.8512 1.9330 0.0474
37.7560 15.6120 42.5762 20.6089 1.9154 0.0461
37.4700 15.1600 42.2563 20.3724 1.8997 0.0448
37.3940 15.2260 41.9564 20.1416 1.8861 0.0435
36.9360 15.0780 41.7887 20.0605 1.8771 0.0422
36.6860 14.7700 41.5938 19.8695 1.8680 0.0409
36.9600 15.0080 41.3092 19.6817 1.8544 0.0396
36.7360 14.9640 41.1100 19.5782 1.8456 0.0383
36.4100 14.5680 40.8694 19.4798 1.8374 0.0371
36.2000 14.6020 40.7485 19.2997 1.8272 0.0358
35.6440 14.2140 40.5292 19.1890 1.8173 0.0345
35.9800 14.3640 40.3896 19.0721 1.8098 0.0333
35.8880 14.1240 40.1815 18.9152 1.8001 0.0321
35.4500 14.2020 39.8618 18.7283 1.7885 0.0309
35.2800 14.0040 39.6375 18.6115 1.7780 0.0297
35.1480 13.8780 39.5674 18.5272 1.7725 0.0285
34.7660 13.8860 39.2910 18.3064 1.7598 0.0273
34.8840 13.8140 39.1196 18.1928 1.7514 0.0261
34.3420 13.4240 38.9286 18.0943 1.7426 0.0250
34.3020 13.2840 38.6381 17.8892 1.7282 0.0239
34.3340 13.3980 38.4712 17.7957 1.7222 0.0228
34.1580 13.1480 38.3150 17.6703 1.7140 0.0217
33.8660 13.2580 37.9588 17.4741 1.7006 0.0206
33.7140 13.1060 37.7991 17.3593 1.6918 0.0196
33.2900 12.9000 37.5955 17.1958 1.6815 0.0185
33.2300 12.6420 37.3234 17.0434 1.6702 0.0175
33.1560 12.7840 37.1002 16.9170 1.6606 0.0165
32.9320 12.5160 36.8995 16.8294 1.6509 0.0156
32.9120 12.5580 36.6940 16.6301 1.6411 0.0146
32.5260 12.2920 36.3911 16.4676 1.6293 0.0137
32.3780 12.3200 36.2050 16.3296 1.6197 0.0128
32.2660 12.1540 35.9954 16.2055 1.6110 0.0120
32.1320 12.1060 35.7654 16.0933 1.6026 0.0111
31.7840 12.0040 35.4904 15.9131 1.5892 0.0103
31.8080 11.9300 35.3063 15.7961 1.5812 0.0095
31.5620 11.8020 34.9982 15.6131 1.5684 0.0088
31.3820 11.6600 34.7852 15.4560 1.5588 0.0081
31.3980 11.6660 34.6089 15.3558 1.5488 0.0074
31.1020 11.5620 34.3538 15.1869 1.5384 0.0067
30.7880 11.4160 34.1354 15.0845 1.5289 0.0061
30.6680 11.3620 33.8872 14.9665 1.5207 0.0054
30.6200 11.3840 33.6658 14.7715 1.5090 0.0049
30.4580 11.0300 33.4597 14.7021 1.5001 0.0043
30.4220 10.9980 33.2915 14.5993 1.4937 0.0038
30.0640 11.0040 33.0252 14.4439 1.4831 0.0033
29.9980 10.8640 32.8113 14.3139 1.4738 0.0029
29.9660 10.8980 32.6897 14.2453 1.4685 0.0024
29.9700 10.7940 32.5154 14.1842 1.4606 0.0021
29.8940 10.7620 32.3248 13.9979 1.4508 0.0017
29.7080 10.6240 32.1867 13.9570 1.4463 0.0014
29.5940 10.6360 32.0473 13.8745 1.4405 0.0011
29.5900 10.7160 31.9525 13.7779 1.4345 0.0008
29.5700 10.5780 31.8453 13.7481 1.4315 0.0006
29.4940 10.6080 31.7136 13.7009 1.4271 0.0004
29.4100 10.5660 31.7336 13.6765 1.4266 0.0003
29.4300 10.5660 31.6590 13.6474 1.4233 0.0002
29.4520 10.5200 31.5971 13.6077 1.4214 0.0001
29.3660 10.6000 31.5879 13.5962 1.4206 0.0000
