51.0100 5.9800 63.4920 12.7340 2.0660 0.1000
35.9000 2.7500 42.9120 4.7540 1.4924 0.1000
28.7800 1.8000 32.8220 2.7720 1.2108 0.1000
27.1900 1.1400 26.3800 1.7400 1.0205 0.0999
21.6200 1.1000 21.7720 1.2060 0.8751 0.0999
17.5100 0.8300 19.0680 0.9700 0.7841 0.0998
16.3700 0.9000 17.3820 0.7880 0.7140 0.0998
15.9900 0.6000 15.4580 0.6840 0.6544 0.0997
14.2900 0.4800 14.5180 0.6180 0.6081 0.0996
14.4300 0.5800 13.4260 0.4520 0.5680 0.0995
14.0700 0.4700 12.5860 0.4220 0.5327 0.0994
13.1400 0.4600 11.8900 0.4080 0.5043 0.0993
12.7500 0.5600 11.2440 0.3200 0.4751 0.0991
13.7600 0.4500 10.8500 0.3120 0.4535 0.0990
11.1000 0.3600 10.0500 0.2860 0.4314 0.0988
13.8400 0.4300 9.6460 0.2680 0.4129 0.0986
11.8800 0.3400 9.3860 0.2220 0.3998 0.0984
11.4400 0.3700 9.0000 0.2200 0.3864 0.0982
11.0200 0.2300 8.6920 0.2380 0.3732 0.0980
10.7700 0.4300 8.3860 0.2180 0.3623 0.0978
11.1400 0.2800 7.9920 0.1720 0.3510 0.0976
9.9500 0.3100 7.7680 0.1400 0.3429 0.0973
9.0100 0.3000 7.7640 0.1900 0.3383 0.0970
9.9100 0.3000 7.4220 0.1500 0.3302 0.0968
9.1800 0.2400 7.2800 0.1700 0.3235 0.0965
9.5500 0.2100 7.0960 0.1360 0.3185 0.0962
9.4600 0.2400 6.9840 0.1340 0.3151 0.0959
9.3700 0.2600 6.7660 0.1380 0.3067 0.0956
9.6600 0.2200 6.5840 0.1020 0.3008 0.0952
8.6700 0.2000 6.4440 0.1240 0.2981 0.0949
10.2800 0.2600 6.2580 0.1140 0.2923 0.0946
8.2200 0.2600 6.0340 0.1140 0.2873 0.0942
8.6100 0.2400 6.0420 0.0860 0.2877 0.0938
9.0900 0.3200 6.1000 0.0860 0.2794 0.0934
9.3900 0.1800 6.0000 0.0980 0.2749 0.0930
7.9400 0.1700 5.8340 0.0960 0.2740 0.0926
10.0300 0.2700 5.5960 0.1000 0.2659 0.0922
8.1700 0.1500 5.6340 0.0800 0.2668 0.0918
7.9500 0.1700 5.4260 0.0920 0.2610 0.0914
8.8100 0.2100 5.2760 0.1020 0.2585 0.0909
8.1500 0.1700 5.2700 0.0700 0.2574 0.0905
8.1300 0.1600 5.2340 0.0520 0.2564 0.0900
8.9100 0.2700 5.1520 0.0760 0.2548 0.0895
8.3000 0.2100 4.7840 0.0620 0.2454 0.0890
8.6100 0.2300 4.9160 0.0760 0.2468 0.0885
8.2900 0.1700 4.8720 0.0540 0.2446 0.0880
7.3100 0.1600 4.7740 0.0580 0.2437 0.0875
7.7500 0.1600 4.6420 0.0640 0.2412 0.0870
7.7900 0.1900 4.5240 0.0580 0.2368 0.0864
7.4100 0.2400 4.5220 0.0640 0.2343 0.0859
8.6200 0.3500 4.4840 0.0300 0.2340 0.0854
8.2500 0.1600 4.2880 0.0720 0.2290 0.0848
7.4800 0.1900 4.3340 0.0600 0.2330 0.0842
8.2700 0.1800 4.1240 0.0520 0.2256 0.0837
7.6200 0.1200 4.2420 0.0460 0.2263 0.0831
7.3100 0.1600 4.2100 0.0580 0.2253 0.0825
8.1000 0.1400 4.1620 0.0580 0.2227 0.0819
7.5500 0.1800 4.0760 0.0380 0.2200 0.0813
7.1600 0.1600 3.8560 0.0360 0.2152 0.0806
8.0600 0.1300 3.8240 0.0500 0.2154 0.0800
7.7500 0.1700 3.8640 0.0340 0.2155 0.0794
7.2500 0.1300 3.8380 0.0320 0.2144 0.0788
7.6100 0.1300 3.6520 0.0360 0.2105 0.0781
7.4500 0.1900 3.6840 0.0280 0.2096 0.0775
7.1100 0.1400 3.5720 0.0340 0.2080 0.0768
7.4600 0.1400 3.4300 0.0320 0.2045 0.0761
7.1900 0.1700 3.4980 0.0400 0.2036 0.0755
7.3900 0.2000 3.8460 0.0400 0.2029 0.0748
7.5500 0.1300 3.6760 0.0500 0.1981 0.0741
6.7900 0.0900 3.6340 0.0320 0.1986 0.0734
7.0300 0.1500 3.4960 0.0360 0.1921 0.0727
6.8000 0.1600 3.4300 0.0360 0.1913 0.0720
8.0300 0.1400 3.2340 0.0240 0.1879 0.0713
6.4900 0.1600 3.3100 0.0360 0.1895 0.0706
6.5500 0.1600 3.2720 0.0300 0.1876 0.0699
6.6100 0.1000 3.1060 0.0320 0.1832 0.0691
6.5900 0.1300 3.1160 0.0300 0.1835 0.0684
7.6000 0.1800 3.0360 0.0240 0.1797 0.0677
6.3800 0.1200 2.9900 0.0180 0.1791 0.0669
7.0000 0.1400 2.8900 0.0240 0.1753 0.0662
7.3300 0.1600 2.8220 0.0120 0.1730 0.0655
7.1700 0.1200 2.7880 0.0140 0.1722 0.0647
6.2300 0.1100 2.5920 0.0200 0.1691 0.0639
6.4700 0.1300 2.6380 0.0320 0.1689 0.0632
6.3300 0.1000 2.6240 0.0280 0.1678 0.0624
5.9800 0.0800 2.4900 0.0240 0.1646 0.0617
6.4400 0.1700 2.5000 0.0120 0.1637 0.0609
6.6200 0.1400 2.3680 0.0180 0.1590 0.0601
6.6800 0.1300 2.3460 0.0100 0.1611 0.0594
6.5100 0.1400 2.2180 0.0120 0.1558 0.0586
6.7700 0.1500 2.3780 0.0120 0.1576 0.0578
6.6200 0.1400 2.3120 0.0060 0.1567 0.0570
7.1300 0.1500 2.2000 0.0160 0.1559 0.0563
6.8000 0.1600 2.1780 0.0080 0.1535 0.0555
6.2600 0.0800 2.1020 0.0160 0.1513 0.0547
6.5800 0.1200 1.9380 0.0120 0.1474 0.0539
5.9000 0.1300 2.0500 0.0080 0.1490 0.0531
6.0600 0.0800 1.9660 0.0120 0.1462 0.0524
6.2900 0.2000 1.8940 0.0060 0.1439 0.0516
6.4000 0.1400 1.9060 0.0120 0.1433 0.0508
7.6900 0.1000 4.3460 0.0280 0.1636 0.0500
6.2700 0.1500 3.4780 0.0220 0.1398 0.0492
6.1200 0.1100 3.0640 0.0260 0.1286 0.0484
6.1900 0.1100 2.8940 0.0260 0.1219 0.0476
6.6100 0.1300 2.7200 0.0260 0.1164 0.0469
6.1200 0.1500 2.4340 0.0260 0.1100 0.0461
5.8500 0.0900 2.4000 0.0180 0.1078 0.0453
6.3000 0.1200 2.2860 0.0120 0.1039 0.0445
6.0700 0.0900 2.1700 0.0120 0.0998 0.0437
6.1100 0.0800 2.0920 0.0140 0.0955 0.0430
6.1700 0.0900 1.9240 0.0100 0.0925 0.0422
5.8400 0.1100 1.8360 0.0100 0.0893 0.0414
6.0100 0.1000 1.7800 0.0060 0.0893 0.0406
5.7900 0.0900 1.7180 0.0160 0.0860 0.0399
5.7800 0.1000 1.6160 0.0100 0.0832 0.0391
6.0700 0.1100 1.6260 0.0120 0.0817 0.0383
6.0300 0.1100 1.5820 0.0080 0.0802 0.0376
5.8500 0.0800 1.4620 0.0060 0.0780 0.0368
5.3000 0.1100 1.4240 0.0060 0.0759 0.0361
5.5300 0.1000 1.4260 0.0060 0.0754 0.0353
5.8100 0.0800 1.3080 0.0040 0.0729 0.0345
5.6500 0.0800 1.2900 0.0020 0.0704 0.0338
5.9900 0.1100 1.2240 0.0000 0.0704 0.0331
5.3700 0.1000 1.1840 0.0020 0.0667 0.0323
5.4700 0.1400 1.1000 0.0000 0.0668 0.0316
5.6500 0.0700 1.1360 0.0040 0.0640 0.0309
5.5700 0.1100 1.0360 0.0040 0.0645 0.0301
5.7800 0.1100 0.9900 0.0020 0.0605 0.0294
5.8500 0.0800 0.9900 0.0020 0.0599 0.0287
5.6400 0.0900 0.8860 0.0020 0.0578 0.0280
5.3500 0.0900 0.8420 0.0040 0.0571 0.0273
5.2800 0.1000 0.8100 0.0020 0.0543 0.0266
5.5500 0.0700 0.8480 0.0020 0.0544 0.0259
5.5400 0.1300 0.7560 0.0000 0.0528 0.0252
5.2800 0.1200 0.7240 0.0020 0.0512 0.0245
5.1600 0.1000 0.7320 0.0000 0.0493 0.0239
5.5700 0.1300 0.6400 0.0000 0.0473 0.0232
5.3400 0.0900 0.5940 0.0000 0.0469 0.0225
5.2600 0.1000 0.6080 0.0000 0.0452 0.0219
5.1000 0.0900 0.5760 0.0000 0.0438 0.0212
5.1400 0.0900 0.5160 0.0020 0.0433 0.0206
5.1700 0.0700 0.4980 0.0000 0.0416 0.0200
5.1200 0.0900 0.5180 0.0020 0.0398 0.0194
5.4500 0.1100 0.4600 0.0000 0.0387 0.0187
5.1500 0.1000 0.4660 0.0020 0.0381 0.0181
5.0800 0.0800 0.3540 0.0000 0.0354 0.0175
5.1600 0.1500 0.3480 0.0000 0.0348 0.0169
5.3100 0.0800 0.3700 0.0000 0.0340 0.0163
4.8800 0.1000 0.4100 0.0020 0.0336 0.0158
4.9300 0.1100 0.3360 0.0000 0.0322 0.0152
4.9800 0.1000 0.3180 0.0000 0.0310 0.0146
5.0100 0.0900 0.3340 0.0000 0.0321 0.0141
5.2100 0.1000 0.2720 0.0020 0.0299 0.0136
5.0400 0.0900 0.2920 0.0000 0.0284 0.0130
4.8800 0.1100 0.2560 0.0000 0.0264 0.0125
5.1100 0.1100 0.2140 0.0020 0.0262 0.0120
4.9200 0.0800 0.2120 0.0000 0.0250 0.0115
4.8500 0.1000 0.2340 0.0000 0.0252 0.0110
4.8600 0.1100 0.2320 0.0000 0.0245 0.0105
4.8800 0.1100 0.1980 0.0000 0.0232 0.0100
4.9600 0.0900 0.2000 0.0000 0.0228 0.0095
4.7700 0.1300 0.1740 0.0020 0.0206 0.0091
5.0200 0.1200 0.1620 0.0000 0.0201 0.0086
4.9000 0.1200 0.1520 0.0000 0.0195 0.0082
4.8500 0.1200 0.1820 0.0000 0.0198 0.0078
4.7500 0.1100 0.1420 0.0000 0.0182 0.0074
4.8900 0.1300 0.1300 0.0000 0.0177 0.0070
4.7600 0.1300 0.1440 0.0000 0.0172 0.0066
4.8300 0.1200 0.1460 0.0000 0.0164 0.0062
4.8800 0.1100 0.1180 0.0000 0.0162 0.0058
4.7800 0.1100 0.1080 0.0000 0.0160 0.0054
4.8500 0.1000 0.1060 0.0000 0.0149 0.0051
4.7300 0.1100 0.1160 0.0000 0.0145 0.0048
4.7300 0.1200 0.1140 0.0000 0.0139 0.0044
4.6900 0.1000 0.1300 0.0000 0.0136 0.0041
4.7900 0.1300 0.1160 0.0000 0.0127 0.0038
4.6300 0.1200 0.1000 0.0000 0.0129 0.0035
4.8000 0.1100 0.0920 0.0000 0.0122 0.0032
4.6900 0.1000 0.0880 0.0000 0.0120 0.0030
4.8900 0.1100 0.0980 0.0000 0.0115 0.0027
4.7900 0.1400 0.0760 0.0000 0.0112 0.0024
4.6800 0.1000 0.0980 0.0000 0.0113 0.0022
4.7300 0.1400 0.1080 0.0000 0.0110 0.0020
4.6600 0.1100 0.0980 0.0000 0.0107 0.0018
4.5800 0.1200 0.0960 0.0000 0.0105 0.0016
4.6300 0.1300 0.0980 0.0000 0.0105 0.0014
4.6100 0.1400 0.0820 0.0000 0.0103 0.0012
4.5900 0.1200 0.0820 0.0000 0.0101 0.0010
4.6800 0.1300 0.0800 0.0020 0.0099 0.0009
4.6000 0.1300 0.0920 0.0000 0.0099 0.0007
4.6800 0.1200 0.0800 0.0000 0.0098 0.0006
4.5300 0.1300 0.0900 0.0000 0.0094 0.0005
4.6400 0.1400 0.0820 0.0000 0.0097 0.0004
4.5600 0.1200 0.1040 0.0000 0.0096 0.0003
4.7100 0.1100 0.0840 0.0000 0.0094 0.0002
4.6100 0.1200 0.0840 0.0000 0.0095 0.0002
4.5900 0.1400 0.0760 0.0000 0.0095 0.0001
4.6600 0.1300 0.0920 0.0000 0.0095 0.0001
4.7100 0.1300 0.0880 0.0000 0.0095 0.0000
4.6200 0.1100 0.0860 0.0000 0.0094 0.0000
