74.6860 49.9540 88.3118 73.3952 5.4105 0.1000
60.8520 34.6700 69.9854 45.7778 3.6868 0.1000
54.0760 27.9220 60.9458 35.9895 3.0688 0.0999
49.9040 24.3980 56.2567 31.5320 2.7891 0.0998
48.8180 23.0520 53.5260 29.0880 2.6382 0.0997
46.1100 21.1340 51.8092 27.5730 2.5434 0.0996
45.1420 20.6580 50.3550 26.4089 2.4699 0.0994
44.1080 19.8360 49.3155 25.5128 2.4145 0.0992
43.8640 19.3500 48.5895 24.9476 2.3775 0.0989
42.6360 18.9000 48.0069 24.4330 2.3441 0.0986
42.5400 18.3760 47.4856 24.0178 2.3165 0.0983
41.9360 18.3320 47.0102 23.6768 2.2921 0.0979
41.7100 17.7640 46.6882 23.4204 2.2749 0.0976
41.6160 17.9580 46.3819 23.2405 2.2599 0.0971
41.1000 17.7820 46.2293 22.9976 2.2468 0.0967
41.9640 17.9460 45.9654 22.8287 2.2329 0.0962
40.5420 17.0320 45.7282 22.6371 2.2216 0.0957
40.6700 17.0880 45.5507 22.4500 2.2116 0.0951
40.8720 17.3220 45.3447 22.3133 2.1990 0.0946
40.0000 16.7700 45.1490 22.2549 2.1923 0.0939
40.0440 16.6940 44.9653 22.0830 2.1817 0.0933
39.5660 16.4520 44.7922 21.9617 2.1703 0.0926
39.8400 16.7340 44.6154 21.8131 2.1629 0.0919
39.8560 16.6800 44.5462 21.7813 2.1565 0.0912
38.7140 16.1080 44.3799 21.5891 2.1478 0.0905
39.2660 16.4560 44.2438 21.5735 2.1430 0.0897
39.0980 15.8340 44.0919 21.4630 2.1348 0.0889
38.7800 15.9060 43.8944 21.3626 2.1260 0.0880
38.3920 15.5880 43.8171 21.1954 2.1189 0.0872
38.1000 15.6200 43.6948 21.1391 2.1135 0.0863
38.3000 15.6680 43.5551 21.0871 2.1052 0.0854
38.3440 15.6300 43.3595 20.8984 2.0975 0.0844
38.5420 15.7680 43.2967 20.8480 2.0910 0.0835
38.1920 15.8380 43.0690 20.6466 2.0786 0.0825
38.4140 15.5340 42.9945 20.5524 2.0745 0.0815
37.6700 15.2460 42.8731 20.5684 2.0705 0.0804
37.8260 15.3720 42.7451 20.4021 2.0616 0.0794
37.0660 14.7300 42.6183 20.2964 2.0548 0.0783
37.7240 15.1320 42.5054 20.2335 2.0489 0.0772
37.2260 14.8500 42.3162 20.1173 2.0408 0.0761
37.5640 14.9520 42.6880 20.3996 2.0356 0.0750
37.2460 14.9820 42.4130 20.1976 2.0226 0.0739
36.8100 14.6360 42.1842 20.0335 2.0120 0.0727
37.0980 14.8720 41.9422 19.9090 2.0017 0.0715
36.7640 14.8560 41.8007 19.7650 1.9939 0.0703
36.9700 14.6760 41.7131 19.6925 1.9878 0.0691
36.5500 14.4220 41.5385 19.5363 1.9789 0.0679
36.3960 14.4300 41.3931 19.4783 1.9707 0.0667
35.9320 14.0160 41.2202 19.3452 1.9640 0.0655
36.0000 13.9580 41.0587 19.2817 1.9563 0.0642
36.2080 14.2980 40.9077 19.1361 1.9491 0.0629
35.7340 13.8980 40.7114 19.0301 1.9402 0.0617
35.9860 14.0500 40.6018 18.8893 1.9306 0.0604
35.3760 13.7600 40.3904 18.8203 1.9213 0.0591
35.8080 13.9900 40.2570 18.6601 1.9136 0.0578
35.1740 13.5860 40.0777 18.5496 1.9044 0.0565
35.0080 13.4120 39.9284 18.4172 1.8949 0.0552
34.3420 12.9660 39.8021 18.3421 1.8896 0.0539
34.8280 13.3860 39.5484 18.2268 1.8786 0.0526
34.9400 13.3000 39.3771 18.0880 1.8694 0.0513
36.6260 14.7260 42.2303 20.1775 1.8903 0.0500
35.8200 14.2560 40.8750 19.2099 1.8219 0.0487
35.2600 13.8740 40.3147 18.8108 1.7937 0.0474
34.7600 13.4640 39.9729 18.5870 1.7775 0.0461
35.0800 13.5060 39.7154 18.3948 1.7628 0.0448
34.8140 13.5940 39.4618 18.2107 1.7513 0.0435
34.4540 13.1980 39.2484 18.0454 1.7413 0.0422
34.7100 13.3500 39.0250 17.8836 1.7298 0.0409
34.1020 12.8780 38.7970 17.7726 1.7216 0.0396
33.6380 12.8320 38.5358 17.6253 1.7083 0.0383
33.4420 12.6300 38.2729 17.4552 1.6983 0.0371
33.6280 12.6440 38.0839 17.3055 1.6877 0.0358
33.7100 12.6220 37.9207 17.2265 1.6805 0.0345
33.4300 12.4060 37.6851 17.0562 1.6699 0.0333
32.8980 12.1500 37.4445 16.8890 1.6587 0.0321
32.7300 12.0460 37.1695 16.7255 1.6469 0.0309
32.5480 12.1580 36.9846 16.6149 1.6386 0.0297
32.6420 11.9380 36.7829 16.4803 1.6284 0.0285
31.9300 11.7100 36.5376 16.3440 1.6181 0.0273
32.0980 11.6320 36.2812 16.1765 1.6059 0.0261
31.8120 11.6720 36.1319 16.0299 1.5974 0.0250
31.8820 11.6620 35.8497 15.8658 1.5850 0.0239
31.3340 11.3180 35.5908 15.6727 1.5733 0.0228
31.2900 11.3720 35.3844 15.5997 1.5647 0.0217
31.2980 11.1280 35.1599 15.4607 1.5557 0.0206
30.9800 11.2440 34.9333 15.3021 1.5429 0.0196
30.6060 11.2160 34.5781 15.0975 1.5291 0.0185
30.3500 10.9400 34.4247 14.9765 1.5205 0.0175
30.5440 10.7980 34.1475 14.8401 1.5082 0.0165
30.3240 10.6300 33.9030 14.7040 1.4985 0.0156
29.9080 10.5180 33.6441 14.5246 1.4866 0.0146
30.0000 10.5520 33.3409 14.3593 1.4729 0.0137
29.7660 10.3620 33.1355 14.2281 1.4648 0.0128
29.5260 10.2000 32.8719 14.0270 1.4504 0.0120
29.4520 10.2540 32.5621 13.8900 1.4377 0.0111
29.3760 9.9900 32.2883 13.7544 1.4284 0.0103
29.1440 9.8200 32.0317 13.5580 1.4157 0.0095
28.7480 9.8880 31.7924 13.4495 1.4055 0.0088
28.5480 9.7360 31.4958 13.2713 1.3931 0.0081
28.4280 9.7100 31.2076 13.0867 1.3794 0.0074
28.3480 9.4980 30.9935 12.9411 1.3688 0.0067
28.0240 9.4240 30.6407 12.7939 1.3570 0.0061
27.9820 9.3560 30.3693 12.6412 1.3453 0.0054
27.8580 9.3500 30.1814 12.5157 1.3353 0.0049
27.5820 9.3060 29.9020 12.4142 1.3252 0.0043
27.4360 9.1080 29.6512 12.2022 1.3121 0.0038
27.2420 8.9880 29.4207 12.0695 1.3020 0.0033
27.1580 9.0160 29.1271 11.9615 1.2914 0.0029
26.9900 8.9540 28.9361 11.8746 1.2830 0.0024
26.9180 8.8700 28.7233 11.7494 1.2737 0.0021
26.8940 8.9400 28.5071 11.6563 1.2665 0.0017
26.7680 8.8400 28.3198 11.5153 1.2563 0.0014
26.7340 8.8040 28.1649 11.4473 1.2518 0.0011
26.6560 8.7860 28.0092 11.3518 1.2444 0.0008
26.6880 8.7280 27.8747 11.3031 1.2388 0.0006
26.6160 8.6600 27.8129 11.2198 1.2342 0.0004
26.5840 8.6820 27.6603 11.1825 1.2300 0.0003
26.6060 8.6780 27.6737 11.2355 1.2303 0.0002
26.6300 8.7120 27.6100 11.1535 1.2274 0.0001
26.6120 8.6640 27.5547 11.1237 1.2256 0.0000
