75.5000 25.5600 71.8360 20.7900 2.3335 0.1000
59.3400 11.2600 64.6340 14.0280 1.7686 0.1000
56.5700 9.1100 58.8420 10.6080 1.6157 0.0999
51.5600 7.7400 55.1700 9.0600 1.5210 0.0998
74.2000 23.2600 51.5940 7.5800 1.4293 0.0997
50.7400 6.4400 56.8720 9.7200 1.5575 0.0996
43.3200 5.0100 49.0360 6.7020 1.3571 0.0994
41.4300 4.6700 44.2780 5.2880 1.2287 0.0992
40.8600 4.5900 40.7320 4.2860 1.1318 0.0989
35.9200 3.2900 38.3480 4.0040 1.0772 0.0986
33.7200 2.8100 36.1080 3.4100 1.0203 0.0983
32.5200 2.3300 33.9560 3.1400 0.9649 0.0979
30.3100 2.3100 32.6900 2.8320 0.9278 0.0976
30.6800 2.2900 31.2720 2.4920 0.8850 0.0971
31.1200 2.1800 29.7280 2.2200 0.8459 0.0967
29.7200 2.1300 28.6700 2.1320 0.8172 0.0962
31.4300 2.2600 27.5840 1.8020 0.7803 0.0957
32.1100 1.9300 26.3900 1.7880 0.7486 0.0951
33.3700 2.3300 24.9640 1.6020 0.7176 0.0946
31.3000 3.6200 24.0700 1.4280 0.6884 0.0939
27.5600 1.8100 23.2820 1.3080 0.6632 0.0933
24.2800 1.3800 22.2900 1.1880 0.6447 0.0926
23.0400 1.4100 21.7740 1.2260 0.6229 0.0919
21.9400 1.0700 21.0640 1.1640 0.6038 0.0912
24.2000 1.3800 20.6580 1.0800 0.5920 0.0905
20.7400 1.0100 19.8020 1.0340 0.5720 0.0897
20.0200 1.1000 19.3180 0.9280 0.5566 0.0889
19.9200 0.8600 18.5380 0.8640 0.5401 0.0880
19.5900 1.0000 18.2980 0.7960 0.5281 0.0872
19.6900 0.9300 18.2140 0.8080 0.5198 0.0863
18.5900 0.9000 17.3940 0.8380 0.5048 0.0854
20.1100 1.0200 17.3660 0.7240 0.4973 0.0844
17.9200 0.7200 17.0160 0.6800 0.4863 0.0835
18.1000 0.8000 16.7520 0.6540 0.4805 0.0825
21.1800 1.0400 16.2820 0.6580 0.4718 0.0815
17.1600 0.5100 16.1560 0.6460 0.4640 0.0804
17.1200 0.7300 15.8100 0.5740 0.4525 0.0794
19.4500 0.9800 15.4400 0.5600 0.4470 0.0783
15.1300 0.6400 15.3400 0.5540 0.4430 0.0772
16.9400 0.7900 14.8760 0.5180 0.4276 0.0761
17.6100 0.6000 14.6500 0.5580 0.4224 0.0750
17.1400 0.7100 14.5300 0.5320 0.4150 0.0739
16.6400 0.6200 14.3180 0.4400 0.4099 0.0727
15.1200 0.5700 13.9060 0.4860 0.4029 0.0715
17.3500 0.7100 13.8660 0.4520 0.3993 0.0703
15.6900 0.6100 13.5820 0.4700 0.3914 0.0691
15.9800 0.6300 13.4420 0.4420 0.3856 0.0679
15.8200 0.6100 13.3160 0.4220 0.3792 0.0667
16.9000 0.8500 12.9840 0.4160 0.3725 0.0655
14.5500 0.4600 12.6580 0.3580 0.3640 0.0642
14.9800 0.4900 12.7780 0.3640 0.3617 0.0629
15.5100 0.6000 12.3960 0.3300 0.3571 0.0617
14.5800 0.5400 12.3080 0.3540 0.3494 0.0604
15.1600 0.4900 12.0600 0.3260 0.3443 0.0591
13.8300 0.4500 11.9800 0.3420 0.3390 0.0578
15.2400 0.3900 11.4840 0.2440 0.3272 0.0565
13.2600 0.5700 11.4240 0.3080 0.3257 0.0552
15.2600 0.7200 11.0340 0.2920 0.3193 0.0539
15.0900 0.6500 11.1600 0.2860 0.3184 0.0526
14.8400 0.6700 11.0840 0.2740 0.3128 0.0513
13.5500 0.5000 10.4260 0.2540 0.3011 0.0500
13.4700 0.5100 10.6640 0.2360 0.3041 0.0487
13.7300 0.4700 10.0080 0.2420 0.2890 0.0474
13.3900 0.5400 9.9580 0.1760 0.2872 0.0461
14.5000 0.5200 9.6040 0.1980 0.2745 0.0448
13.2400 0.5200 9.7200 0.1680 0.2744 0.0435
12.5600 0.4000 9.4560 0.1820 0.2682 0.0422
13.0000 0.4900 9.2760 0.1880 0.2627 0.0409
12.5300 0.3500 8.9640 0.1780 0.2555 0.0396
12.5600 0.4700 8.9960 0.1800 0.2541 0.0383
13.5500 0.4400 8.5820 0.1300 0.2424 0.0371
13.5300 0.4800 8.4520 0.1180 0.2378 0.0358
12.5900 0.5100 8.2260 0.1040 0.2323 0.0345
12.5500 0.5600 8.1500 0.1060 0.2284 0.0333
12.5800 0.4600 7.6580 0.1440 0.2175 0.0321
12.2700 0.3800 7.5660 0.0940 0.2142 0.0309
11.9400 0.3400 7.3040 0.1060 0.2065 0.0297
11.4800 0.4100 7.1180 0.0800 0.2014 0.0285
11.7500 0.4000 6.9960 0.0820 0.1973 0.0273
12.1600 0.4000 6.6620 0.0760 0.1873 0.0261
12.4300 0.3700 6.4520 0.0520 0.1814 0.0250
11.8800 0.3000 6.2020 0.0740 0.1741 0.0239
11.6600 0.3400 5.8640 0.0640 0.1644 0.0228
11.4600 0.5000 5.7380 0.0480 0.1640 0.0217
11.6500 0.4500 5.2920 0.0620 0.1499 0.0206
11.3600 0.3600 5.0140 0.0200 0.1417 0.0196
11.2500 0.3400 4.8420 0.0380 0.1391 0.0185
10.9300 0.3700 4.6360 0.0320 0.1322 0.0175
10.8100 0.2800 4.4040 0.0300 0.1260 0.0165
11.3100 0.3300 4.1440 0.0220 0.1184 0.0156
10.6400 0.4100 3.8700 0.0200 0.1115 0.0146
10.1700 0.3900 3.6340 0.0220 0.1040 0.0137
10.3700 0.3400 3.4240 0.0060 0.0983 0.0128
10.5200 0.3400 3.0760 0.0100 0.0890 0.0120
10.2700 0.3400 3.0800 0.0160 0.0873 0.0111
9.8000 0.2900 2.7220 0.0000 0.0796 0.0103
9.9800 0.4200 2.5320 0.0120 0.0749 0.0095
9.9500 0.2800 2.3500 0.0020 0.0706 0.0088
9.7400 0.3500 2.2820 0.0060 0.0671 0.0081
9.6000 0.3800 1.8240 0.0060 0.0569 0.0074
9.5100 0.3300 1.9000 0.0000 0.0569 0.0067
9.5100 0.3000 1.7360 0.0060 0.0520 0.0061
9.2200 0.3800 1.5320 0.0040 0.0465 0.0054
9.3700 0.3300 1.3900 0.0000 0.0422 0.0049
9.3000 0.2500 1.3160 0.0020 0.0414 0.0043
9.1900 0.3200 1.1620 0.0020 0.0380 0.0038
9.4300 0.3400 1.0940 0.0020 0.0359 0.0033
9.2200 0.2900 1.1360 0.0000 0.0361 0.0029
8.9500 0.3000 0.9900 0.0020 0.0319 0.0024
9.1000 0.3100 0.9520 0.0020 0.0316 0.0021
9.0700 0.2400 0.8600 0.0000 0.0292 0.0017
9.0600 0.3600 0.7760 0.0000 0.0280 0.0014
9.0300 0.2500 0.8700 0.0000 0.0289 0.0011
8.7600 0.3700 0.8000 0.0000 0.0273 0.0008
9.0400 0.3100 0.8140 0.0000 0.0275 0.0006
9.0800 0.3200 0.7060 0.0000 0.0257 0.0004
9.0100 0.3000 0.7600 0.0000 0.0268 0.0003
9.1300 0.2600 0.7120 0.0000 0.0254 0.0002
9.0300 0.3200 0.6840 0.0000 0.0252 0.0001
9.0700 0.2900 0.7320 0.0000 0.0256 0.0000
